                                                                                                         2009 年年度报告

                                                                                                         可供出
          建设                                                                                                 作为发起人
0939.HK         1,000,000,000              0.45        5,872,801,600.00    592,950,947.58           -    售金融
          银行                                                                                                   参股
                                                                                                          资产
    合计         3,161,233,151.55             -          8,615,456,229.80    721,800,261.90 241,580,965.36   -    -

           （二）公司持有非上市金融企业股权情况
                           占该公司
  所持对象         初始投资金额 持股数                                     期末账面价值           报告期损益 报 告 期 所 有 者 会计核算                      股份
                           股权比例
   名称           （元）   量（股）                                      （元）             （元）  权益变动（元） 科目                            来源
                            （%）
中国电力财务                                                                                                       长期股权
                    8,750,000          -               0.18     8,750,000.00   1,750,000.00          -            直接投资
有限责任公司                                                                                                        投资

三峡财务有限                                                                                                       长期股权
       437,300,000.00                  -              22.08 679,951,903.26 42,697,694.65 59,710,853.18            直接投资
 责任公司                                                                                                         投资

    合计         446,050,000.00      -              -           688,701,903.26 44,447,694.65 59,710,853.18         -            -


           （三）买卖其他上市公司股份的情况

                            期初股份数量 报告期买入/卖出 期末股份数量                                            使用的资金           产生的投资
                简 称
                              （股）   数量（股）     （股）                                             数量（元）           收益（元）

     买入        长江证券             8,939,997                2,681,999         11,621,996       17,432,997.50            -

               中国国航             5,350,000                5,350,000             0            26,156,934.44    11,176,934.44

               云南铜业             7,653,211                7,653,211             0            108,856,130.52   36,150,626.02
     卖出
               建设银行         1,200,000,000               200,000,000       1,000,000,000     709,250,947.58   509,250,947.58

               中信银行             17,241,333               1,100,000         16,141,333         6,938,214.48    558,214.48




                                                                第 58 页
                                                 2009 年年度报告




                 第十节 财务报告

   一、审计报告
                                  天健正信审（2010）GF 字第 010083 号

中国长江电力股份有限公司全体股东：
  我们审计了后附的中国长江电力股份有限公司（以下简称长江电力）财务报表，包括 2009
年 12 月 31 日的资产负债表、合并资产负债表，2009 年度的利润表、合并利润表和现金流量表、
合并现金流量表及股东权益变动表、合并股东权益变动表，以及财务报表附注。
  一、管理层对财务报表的责任
  按照企业会计准则的规定编制财务报表是长江电力管理层的责任。这种责任包括：
                                     （1）设计、
实施和维护与财务报表编制相关的内部控制，以使财务报表不存在由于舞弊或错误而导致的重大
错报；（2）选择和运用恰当的会计政策；（3）做出合理的会计估计。
  二、注册会计师的责任
  我们的责任是在实施审计工作的基础上对财务报表发表审计意见。我们按照中国注册会计师
审计准则的规定执行了审计工作。中国注册会计师审计准则要求我们遵守职业道德规范，计划和
实施审计工作以对财务报表是否不存在重大错报获取合理保证。
  审计工作涉及实施审计程序，以获取有关财务报表金额和披露的审计证据。选择的审计程序
取决于注册会计师的判断，包括对由于舞弊或错误导致的财务报表重大错报风险的评估。在进行
风险评估时，我们考虑与财务报表编制相关的内部控制，以设计恰当的审计程序，但目的并非对
内部控制的有效性发表意见。审计工作还包括评价管理层选用会计政策的恰当性和做出会计估计
的合理性，以及评价财务报表的总体列报。
  我们相信，我们获取的审计证据是充分、适当的，为发表审计意见提供了基础。
  三、审计意见
  我们认为，长江电力财务报表已经按照企业会计准则的规定编制，在所有重大方面公允反映
了长江电力 2009 年 12 月 31 日的财务状况以及 2009 年度的经营成果和现金流量。


                                  中国注册会计师
   天健正信会计师事务所有限公司                    郝丽江
        中国·北京                     中国注册会计师
                                     王春媛


                                  报告日期：2010 年 4 月 29 日


                         第 59 页
                                                                                            2009 年年度报告



      二、报表和附注
                                          资产负债表
编制单位：中国长江电力股份有限公司                                                                            金额单位:人民币元
                                            母公司                                        合并
        资产          注释
                           2009 年 12 月 31 日      2008 年 12 月 31 日     2009 年 12 月 31 日      2008 年 12 月 31 日
流动资产：
 货币资金                1       1,443,071,202.63      1,957,681,871.47     2,114,161,995.11      2,722,801,249.25
 结算备付金
 拆出资金
 交易性金融资产             2       1,000,197,258.11                           1,001,976,848.11          1,925,800.00
 应收票据                3       1,127,380,059.96      1,067,392,534.09     1,127,980,059.96      1,067,592,534.09
 应收账款               4/a      1,197,450,825.40      1,548,683,396.61     1,286,103,701.07      1,632,796,924.83
 预付款项                6          30,703,962.01        28,271,274.30         33,631,159.51        37,362,844.76
 应收保费
 应收分保账款
 应收分保合同准备金
 应收利息                                                                         13,586.30
 应收股利
 其他应收款              5/b          1,553,295.87          1,403,068.39        19,443,246.02        23,273,378.04
 买入返售金融资产
 存货                  7        270,892,633.38        203,074,616.97       274,181,751.61        207,908,887.52
 一年内到期的非流动资产
 其他流动资产
    流动资产合计                   5,071,249,237.36      4,806,506,761.83     5,857,492,347.69      5,693,661,618.49
非流动资产：
 发放贷款及垫款
 可供出售金融资产            8       6,869,927,358.43      5,137,996,377.07     6,887,549,478.43      5,159,294,835.35
 持有至到期投资
 长期应收款
 长期股权投资             10/c     8,095,423,168.45      7,143,331,734.25     7,393,659,843.78      6,672,173,773.66
 投资性房地产             11                                                     66,250,330.60        68,527,789.15
 固定资产               12     141,409,785,611.27     40,454,326,629.90   141,502,388,037.78     40,549,700,266.33
 在建工程               13          40,775,418.36        47,695,684.08         40,775,418.36        47,852,412.35
 工程物资
 固定资产清理
 生产性生物资产
 油气资产
 无形资产               14          16,647,298.20        22,485,582.84         16,724,887.37        26,087,068.04
 开发支出
 商誉
 长期待摊费用             15                                                        70,000.00            100,000.00
 递延所得税资产            16          94,866,494.74       101,658,902.55         95,875,155.54       107,850,356.97
 其他非流动资产
   非流动资产合计                 156,527,425,349.45     52,907,494,910.69   156,003,293,151.86     52,631,586,501.85
      资产总计                 161,598,674,586.81     57,714,001,672.52   161,860,785,499.55     58,325,248,120.34

法定代表人： 曹广晶                    主管财务工作的负责人：白勇                                                会计机构负责人：李绍平




                                                第 60 页
                                                                                               2009 年年度报告



                                   资产负债表（续）

编制单位：中国长江电力股份有限公司                                                                               金额单位:人民币元
                                              母公司                                          合并
   负债和股东权益          注释
                         2009 年 12 月 31 日       2008 年 12 月 31 日        2009 年 12 月 31 日       2008 年 12 月 31 日
流动负债：
  短期借款              18     1,006,541,095.91          5,590,783,287.67      1,006,541,095.91       5,590,783,287.67
  向中央银行借款
  吸收存款及同业存放
  拆入资金
  交易性金融负债
  应付票据              19     1,014,907,994.24           182,026,095.80       1,014,907,994.24        182,026,095.80
  应付账款              20        28,172,814.30           921,466,820.14          57,332,311.50        963,316,422.16
  预收款项              21                                                        52,622,128.01         41,446,780.95
  卖出回购金融资产款
  应付手续费及佣金
  应付职工薪酬            22        41,958,705.18            39,995,101.52          44,049,246.32         65,963,552.80
  应交税费              23      754,450,526.89            741,299,574.68        785,302,529.55         771,091,624.93
  应付利息              24      474,688,163.55             70,699,185.62        474,688,163.55          70,699,185.62
  应付股利              25                                                         1,392,700.00           1,392,700.00
  其他应付款             26    12,216,358,635.32          1,021,406,141.19     12,264,460,614.35       1,043,310,755.38
  应付分保账款
  保险合同准备金
  代理买卖证券款
  代理承销证券款
  一年内到期的非流动负债       27    11,524,989,687.20                               11,524,989,687.20
  其他流动负债
    流动负债合计                27,062,067,622.59          8,567,676,206.62     27,226,286,470.63       8,730,030,405.31
非流动负债：
  长期借款              28    51,071,582,620.94          6,800,000,000.00     51,071,582,620.94       6,800,000,000.00
  应付债券              29    20,344,558,635.47          3,955,726,333.34     20,344,558,635.47       3,955,726,333.34
  长期应付款
  专项应付款
  预计负债
  递延所得税负债           16     1,349,309,282.21           847,119,094.56       1,349,319,394.79        847,470,376.56
  其他非流动负债
    非流动负债合计               72,765,450,538.62         11,602,845,427.90     72,765,460,651.20      11,603,196,709.90
      负债合计                99,827,518,161.21         20,170,521,634.52     99,991,747,121.83      20,333,227,115.21
所有者权益（或股东权益）：
  实收资本（或股本）         30    11,000,000,000.00          9,412,085,457.00     11,000,000,000.00       9,412,085,457.00
  资本公积              31    38,114,234,712.73         17,939,494,519.52     37,894,382,969.82      18,168,173,105.79
  减：库存股
  专项储备
  盈余公积              32     4,450,428,365.97          3,551,104,306.51      4,485,818,295.30       3,586,494,235.84
  一般风险准备
  未分配利润             33     8,206,493,346.90          6,640,795,754.97      8,479,561,133.92       6,816,814,621.79
  外币报表折算差额
归属于母公司所有者权益合计             61,771,156,425.60         37,543,480,038.00     61,859,762,399.04      37,983,567,420.42
    *少数股东权益                                                                    9,275,978.68           8,453,584.71
    所有者权益合计               61,771,156,425.60         37,543,480,038.00     61,869,038,377.72      37,992,021,005.13
  负债和所有者权益总计             161,598,674,586.81         57,714,001,672.52    161,860,785,499.55      58,325,248,120.34

法定代表人：曹广晶                   主管财务工作的负责人：白勇                                                     会计机构负责人：李绍平

                                              第 61 页
                                                                                          2009 年年度报告


                                    利      润      表

编制单位：中国长江电力股份有限公司                                                                         金额单位:人民币元
                                            母公司                                       合并
         项   目       注释
                               2009 年度             2008 年度              2009 年度              2008 年度
一、营业总收入                      10,449,871,857.07    8,807,092,497.47    11,015,033,923.14     9,373,933,304.24
其中：营业收入              34/d    10,449,871,857.07    8,807,092,497.47    11,015,033,923.14     9,373,933,304.24
   利息收入
   已赚保费
   手续费及佣金收入
二、营业总成本                       6,656,344,161.91    4,795,916,976.48     7,096,163,906.65     5,239,781,849.11
其中：营业成本              34/d     4,254,427,323.36    3,411,160,683.31     4,615,913,961.88     3,797,074,322.57
   利息支出
   手续费及佣金支出
   退保金
   赔付支出净额
   提取保险合同准备金净额
   保单红利支出
   分保费用
   营业税金及附加           35        164,652,466.44       139,325,936.86      194,962,678.73       168,420,217.61
   销售费用                           2,589,489.76         1,435,538.30        7,598,509.38         7,113,706.64
   管理费用                        376,809,656.76       313,079,247.93      423,907,497.92       364,331,407.59
   财务费用                       1,856,281,734.66      930,101,429.48     1,851,571,423.25      900,665,149.05
   资产减值损失            38           1,583,490.93          814,140.60         2,209,835.49         2,177,045.65
     加：公允价值变动收益（损失
                   36              197,258.11                                -19,541.89          268,200.00
以“-”号填列）
   投资收益（损失以“-”号填列） 37/e       1,074,847,982.70      432,187,604.54     1,109,740,543.05      440,086,229.56
   其中：对联营企业和合营企业
                               401,418,240.44         48,834,258.60     427,607,513.14        49,298,999.81
的投资收益
   汇兑收益（损失以“-”号填列）
三、营业利润（亏损以“－”号填列）             4,868,572,935.97    4,443,363,125.53     5,028,591,017.65     4,574,505,884.69
   加：营业外收入           39        976,600,627.25       725,548,882.38      976,876,784.40       727,049,404.94
   减：营业外支出           40           3,990,345.63        15,437,344.29        7,641,127.76       16,139,481.06
   其中：非流动资产处置损失                   2,084,380.63         6,556,738.29        5,388,774.90         6,731,908.58
四、利润总额（亏损总额以“－”号填             5,841,183,217.59    5,153,474,663.62     5,997,826,674.29     5,285,415,808.57
列）
   减：所得税费用        41          1,344,562,920.31    1,246,709,972.31     1,378,814,270.16     1,280,381,054.56
五、净利润（净亏损以“－”号填列）             4,496,620,297.28    3,906,764,691.31     4,619,012,404.13     4,005,034,754.01
其中：同一控制下企业合并的被合并
                                                                         71,186,491.05        74,661,535.40
方在合并前实现的净利润
  归属于母公司所有者的净利润               4,496,620,297.28    3,906,764,691.31     4,617,254,933.62     4,002,850,532.59
 *少数股东损益                                                                   1,757,470.51         2,184,221.42
六、每股收益：              42
 基本每股收益                                0.4584               0.4151              0.4692               0.4234
 稀释每股收益                                0.4584               0.4151              0.4692               0.4234
七、其他综合收益             43       1,713,694,868.73    -4,822,819,998.27    1,722,420,269.41    -4,828,699,308.40
八、综合收益总额                      6,210,315,166.01     -916,055,306.96     6,341,432,673.54     -823,664,554.39

  归属于母公司所有者的综合收益
                              6,210,315,166.01     -916,055,306.96     6,339,656,863.00     -825,814,968.58
总额
 *归属于少数股东的综合收益总额                                                           1,775,810.54         2,150,414.19

法定代表人：曹广晶                   主管财务工作的负责人：白勇                                           会计机构负责人：李绍平
                                        第 62 页
                                                                                           2009 年年度报告


                                         现金流量表
编制单位：中国长江电力股份有限公司                                                                           金额单位:人民币元
                                                母公司                                        合并
          项   目            注释
                                     2009 年度              2008 年度              2009 年度         2008 年度
一、经营活动产生的现金流量：
   销售商品、提供劳务收到的现金               24,140,043,973.95    22,452,647,041.96    24,711,767,769.51    23,047,636,415.28
   客户存款和同业存放款项净增加额
   向中央银行借款净增加额
   向其他金融机构拆入资金净增加额
   收到原保险合同保费取得的现金
   收到再保险业务现金净额
   保户储金及投资款净增加额
   处置交易性金融资产净增加额
   收取利息、手续费及佣金的现金
   拆入资金净增加额
   回购业务资金净增加额
   收到的税费返还                         810,591,465.93       725,449,252.56       810,591,465.93       725,542,273.79
   收到其他与经营活动有关的现金          44       33,620,015.95        27,222,657.65        81,841,875.36        56,406,975.50
         经营活动现金流入小计             24,984,255,455.83    23,205,318,952.17    25,604,201,110.80    23,829,585,664.57
  购买商品、接受劳务支付的现金                12,966,594,468.03    12,950,035,707.82    13,118,656,293.52    13,121,399,242.22
  客户贷款及垫款净增加额
  存放中央银行和同业款项净增加额
  支付原保险合同赔付款项的现金
  支付利息、手续费及佣金的现金
  支付保单红利的现金
  支付给职工以及为职工支付的现金                  506,348,031.25       443,167,724.37       772,790,038.89       678,161,629.01
  支付的各项税费                        3,242,238,821.31     3,083,057,223.10     3,308,304,203.82     3,161,812,526.29
  支付其他与经营活动有关的现金           44      193,016,682.33       131,248,579.39       215,229,898.46       157,738,788.69
         经营活动现金流出小计             16,908,198,002.92    16,607,509,234.68    17,414,980,434.69    17,119,112,186.21
        经营活动产生的现金流量净额            8,076,057,452.91     6,597,809,717.49     8,189,220,676.11     6,710,473,478.36
二、投资活动产生的现金流量：
  收回投资收到的现金                      5,941,310,707.02    14,274,946,395.64     6,301,891,294.76    14,303,258,192.82
  取得投资收益收到的现金                      230,129,465.30       335,580,382.48       239,058,905.49       382,128,982.48
  处置固定资产、无形资产和其他长期资产所收回的现金           1,100,678.32         3,995,652.24         9,480,841.03         4,219,036.46
  处置子公司及其他营业单位收回的现金净额
  收到其他与投资活动有关的现金
         投资活动现金流入小计              6,172,540,850.64    14,614,522,430.36     6,550,431,041.28    14,689,606,211.76
  购建固定资产、无形资产和其他长期资产所支付的现金      23,604,675,233.15       134,362,610.12    23,615,027,829.88       155,083,873.27
  投资支付的现金                        6,107,541,473.50    15,646,597,000.00     6,657,731,743.20    15,188,011,177.73
  质押贷款净增加额
  取得子公司及其他营业单位支付的现金净额
  支付其他与投资活动有关的现金
         投资活动现金流出小计              29,712,216,706.65   15,780,959,610.12     30,272,759,573.08   15,343,095,051.00
       投资活动产生的现金流量净额            -23,539,675,856.01   -1,166,437,179.76    -23,722,328,531.80     -653,488,839.24
三、筹资活动产生的现金流量：
  吸收投资收到的现金
    其中：子公司吸收少数股东投资收到的现金
  取得借款所收到的现金                    36,453,700,000.00     11,000,000,000.00   36,453,700,000.00    10,010,000,000.00
  发行债券收到的现金
  收到其他与筹资活动有关的现金
         筹资活动现金流入小计             36,453,700,000.00    11,000,000,000.00    36,453,700,000.00    10,010,000,000.00
  偿还债务所支付的现金                    17,756,514,719.95    13,462,250,000.00    17,756,514,719.95    12,472,250,000.00
  分配股利、利润或偿付利息所支付的现金             3,747,854,013.29     3,788,374,919.16     3,772,393,146.00     3,835,191,517.58
    其中：子公司支付给少数股东的股利、利润                                                          953,416.57         7,932,678.42
  支付其他与筹资活动有关的现金           44          323,532.50        21,461,450.00           323,532.50        21,461,450.00
         筹资活动现金流出小计             21,504,692,265.74    17,272,086,369.16    21,529,231,398.45    16,328,902,967.58
       筹资活动产生的现金流量净额            14,949,007,734.26    -6,272,086,369.16    14,924,468,601.55    -6,318,902,967.58
四、汇率变动对现金及现金等价物的影响
五、现金及现金等价物净增加额                    -514,610,668.84       -840,713,831.43     -608,639,254.14      -261,918,328.46
  加：期初现金及现金等价物余额                 1,957,681,871.47      2,798,395,702.90    2,722,801,249.25     2,984,719,577.71
六、期末现金及现金等价物余额                   1,443,071,202.63      1,957,681,871.47    2,114,161,995.11     2,722,801,249.25
法定代表人：曹广晶                   主管财务工作的负责人：白勇                                                会计机构负责人：李绍平




                                        第 63 页
                                                                                                                                    2009 年年度报告




                                                   合并所有者权益变动表
编制单位：中国长江电力股份有限公司                                                                                                                金额单位:人民币元
                                                   归属于母公司所有者权益 2009 年度金额
              项目                                                                                                 少数股东权益          所有者权益合计
                        实收资本（或股本）              资本公积               减：库存股    盈余公积               未分配利润
一、上年年末余额                  9,412,085,457.00   17,939,494,519.52            3,551,104,306.51   6,664,404,282.27                    37,567,088,565.30
       加：会计政策变更
         前期差错更正
         其他                                    228,678,586.27               35,389,929.33      152,410,339.52     8,453,584.71     424,932,439.83
二、本年年初余额                  9,412,085,457.00   18,168,173,105.79            3,586,494,235.84   6,816,814,621.79     8,453,584.71   37,992,021,005.13
三、本年增减变动金额（减少以“-”号填列)     1,587,914,543.00   19,726,209,864.03             899,324,059.46    1,662,746,512.13      822,393.97    23,877,017,372.59
（一）净利润                                                                                       4,617,254,933.62     1,757,470.51    4,619,012,404.13
（二）其他综合收益                                     1,722,401,929.38                                                      18,340.03     1,722,420,269.41
上述（一）和（二）小计                                   1,722,401,929.38                               4,617,254,933.62     1,775,810.54    6,341,432,673.54
（三）所有者投入和减少资本             1,587,914,543.00   18,003,807,934.65                                 -23,585,716.14                    19,568,136,761.51
1.所有者投入资本                 1,587,914,543.00   18,546,841,862.24                                                                   20,134,756,405.24
2.股份支付计入所有者权益的金额
3.其他                                           -543,033,927.59                                 -23,585,716.14                      -566,619,643.73
（四）利润分配                                                                    899,324,059.46    -2,930,922,705.35    -953,416.57    -2,032,552,062.46
1.提取盈余公积                                                                   899,324,059.46     -899,324,059.46
2.提取一般风险准备
3.对所有者（或股东）的分配                                                                               -2,031,598,645.89    -953,416.57    -2,032,552,062.46
4.其他
（五）所有者权益内部结转
1.资本公积转增资本（或股本）
2.盈余公积转增资本（或股本）
3.盈余公积弥补亏损
4.其他
（六）专项储备提取和使用
1.提取专项储备
2.使用专项储备
四、本年年末余额                 11,000,000,000.00   37,894,382,969.82            4,485,818,295.30   8,479,561,133.92     9,275,978.68   61,869,038,377.72

法定代表人：曹广晶                                                         主管财务工作的负责人：白勇                                             会计机构负责人：李绍平



                                                                 第 64 页
                                                                                                                                    2009 年年度报告




                                             合并所有者权益变动表（续）
编制单位：中国长江电力股份有限公司                                                                                                                金额单位:人民币元
                                                  归属于母公司所有者权益 2008 年度金额
              项目                                                                                                少数股东权益           所有者权益合计
                        实收资本（或股本）             资本公积               减：库存股    盈余公积               未分配利润
一、上年年末余额                 9,412,085,457.00   22,762,314,517.79            2,769,751,368.25   6,309,079,207.27                     41,253,230,550.31
       加：会计政策变更
         前期差错更正
         其他                                   234,524,089.17               27,802,096.00      106,051,858.87     14,235,848.94     382,613,892.98
二、本年年初余额                 9,412,085,457.00   22,996,838,606.96            2,797,553,464.25   6,415,131,066.14     14,235,848.94   41,635,844,443.29
三、本年增减变动金额（减少以“-”号填列)                       -4,828,665,501.17             788,940,771.59      401,683,555.65     -5,782,264.23   -3,643,823,438.16
（一）净利润                                                                                      4,002,850,532.59      2,184,221.42    4,005,034,754.01
（二）其他综合收益                                   -4,828,665,501.17                                                       -33,807.23   -4,828,699,308.40
上述（一）和（二）小计                                 -4,828,665,501.17                               4,002,850,532.59      2,150,414.19     -823,664,554.39
（三）所有者投入和减少资本                                                                7,587,833.33     -26,118,833.33                        -18,531,000.00
1.所有者投入资本
2.股份支付计入所有者权益的金额
3.其他                                                                         7,587,833.33     -26,118,833.33                        -18,531,000.00
（四）利润分配                                                                   781,352,938.26    -3,575,048,143.61    -7,932,678.42   -2,801,627,883.77
1.提取盈余公积                                                                  781,352,938.26     -781,352,938.26
2.提取一般风险准备
3.对所有者（或股东）的分配                                                                              -2,793,695,205.35    -7,932,678.42   -2,801,627,883.77
4.其他
（五）所有者权益内部结转
1.资本公积转增资本（或股本）
2.盈余公积转增资本（或股本）
3.盈余公积弥补亏损
4.其他
（六）专项储备提取和使用
1.提取专项储备
2.使用专项储备
四、本年年末余额                 9,412,085,457.00   18,168,173,105.79            3,586,494,235.84   6,816,814,621.79      8,453,584.71   37,992,021,005.13

法定代表人：曹广晶                                           主管财务工作的负责人：白勇                                                           会计机构负责人：李绍平



                                                                第 65 页
                                                                                                                               2009 年年度报告



                                              母公司所有者权益变动表
编制单位：中国长江电力股份有限公司                                                                                                          金额单位:人民币元
                                                                        2009 年度金额
              项目
                        实收资本（或股本）              资本公积                 减：库存股           盈余公积               未分配利润               所有者权益合计
一、上年年末余额                   9,412,085,457.00   17,939,494,519.52                     3,551,104,306.51   6,640,795,754.97    37,543,480,038.00
       加：会计政策变更
         前期差错更正
         其他
二、本年年初余额                   9,412,085,457.00   17,939,494,519.52                     3,551,104,306.51   6,640,795,754.97    37,543,480,038.00
三、本年增减变动金额（减少以“-”号填列)      1,587,914,543.00   20,174,740,193.21                      899,324,059.46    1,565,697,591.93    24,227,676,387.60
（一）净利润                                                                                                 4,496,620,297.28     4,496,620,297.28
（二）其他综合收益                                      1,713,694,868.73                                                             1,713,694,868.73
上述（一）和（二）小计                                    1,713,694,868.73                                        4,496,620,297.28     6,210,315,166.01
（三）所有者投入和减少资本              1,587,914,543.00   18,461,045,324.48                                                            20,048,959,867.48
1.所有者投入资本                  1,587,914,543.00   18,546,841,862.24                                                            20,134,756,405.24
2.股份支付计入所有者权益的金额
3.其他                                             -85,796,537.76                                                               -85,796,537.76
（四）利润分配                                                                              899,324,059.46    -2,930,922,705.35   -2,031,598,645.89
1.提取盈余公积                                                                             899,324,059.46     -899,324,059.46
2.提取一般风险准备
3.对所有者（或股东）的分配                                                                                         -2,031,598,645.89   -2,031,598,645.89
4.其他
（五）所有者权益内部结转
1.资本公积转增资本（或股本）
2.盈余公积转增资本（或股本）
3.盈余公积弥补亏损
4.其他
（六）专项储备提取和使用
1.提取专项储备
2.使用专项储备
四、本年年末余额                  11,000,000,000.00   38,114,234,712.73                     4,450,428,365.97   8,206,493,346.90    61,771,156,425.60

法定代表人：曹广晶                                            主管财务工作的负责人： 白勇                                                    会计机构负责人：李绍平




                                                           第 66 页
                                                                                                                        2009 年年度报告



                                         母公司所有者权益变动表（续）
编制单位：中国长江电力股份有限公司                                                                                                       金额单位:人民币元
                                                                     2008 年度金额
              项目
                        实收资本（或股本）             资本公积               减：库存股           盈余公积               未分配利润               所有者权益合计
一、上年年末余额                  9,412,085,457.00   22,762,314,517.79                   2,769,751,368.25   6,309,079,207.27    41,253,230,550.31
       加：会计政策变更
         前期差错更正
         其他
二、本年年初余额                  9,412,085,457.00   22,762,314,517.79                   2,769,751,368.25   6,309,079,207.27    41,253,230,550.31
三、本年增减变动金额（减少以“-”号填列)                        -4,822,819,998.27                    781,352,938.26      331,716,547.70    -3,709,750,512.31
（一）净利润                                                                                              3,906,764,691.31     3,906,764,691.31
（二）其他综合收益                                    -4,822,819,998.27                                                          -4,822,819,998.27
上述（一）和（二）小计                                  -4,822,819,998.27                                      3,906,764,691.31      -916,055,306.96
（三）所有者投入和减少资本
1.所有者投入资本
2.股份支付计入所有者权益的金额
3.其他
（四）利润分配                                                                           781,352,938.26    -3,575,048,143.61   -2,793,695,205.35
1.提取盈余公积                                                                          781,352,938.26     -781,352,938.26
2.提取一般风险准备
3.对所有者（或股东）的分配                                                                                      -2,793,695,205.35   -2,793,695,205.35
4.其他
（五）所有者权益内部结转
1.资本公积转增资本（或股本）
2.盈余公积转增资本（或股本）
3.盈余公积弥补亏损
4.其他
（六）专项储备提取和使用
1.提取专项储备
2.使用专项储备
四、本年年末余额                  9,412,085,457.00   17,939,494,519.52                   3,551,104,306.51   6,640,795,754.97    37,543,480,038.00
法定代表人：曹广晶                                          主管财务工作的负责人：白勇                                                    会计机构负责人：李绍平




                                                       第 67 页
                                            2009 年年度报告


               中国长江电力股份有限公司
                2009 年度财务报表附注


编制单位：中国长江电力股份有限公司                         金额单位：人民币元


一、公司的基本情况

  （一） 历史沿革
  中国长江电力股份有限公司（以下简称"公司"或"本公司"）是中国长江三峡集团公司（原
中国长江三峡工程开发总公司，以下简称“三峡集团”）作为主发起人，联合华能国际电力股
份有限公司、中国核工业集团公司、中国石油天然气集团公司、中国葛洲坝水利水电工程集
团有限公司、长江水利委员会长江勘测规划设计院等五家发起人，以发起方式设立的股份有
限公司。公司于 2002 年 9 月 23 日经原国家经贸委“国经贸企改[2002]700 号文”批准设立，
并于 2002 年 11 月 4 日在国家工商行政管理总局办理了工商登记手续。
  经中国证券监督管理委员会批准，公司以募集方式向社会公开发行 A 股股票并于 2003
年 11 月 18 日在上海证券交易所上市交易。
  根据公司 2009 年度第一次临时股东大会决议，并经中国证券监督管理委员会以《关于
核准中国长江电力股份有限公司重大资产重组及向中国长江三峡工程开发总公司发行股份
购买资产的批复》（证监许可[2009]1002 号）核准，公司实施重大资产重组，资产受让方为
公司，资产出让方为三峡集团。本次交易的目标资产是收购三峡工程发电资产和 5 家辅助生
产专业化公司股权。公司向三峡集团支付本次交易对价的方式包括：承接债务、向三峡集团
非公开发行股份和支付现金。
  公司领取国家工商行政管理总局核发的 100000000037300（4-1）号企业法人营业执照，
注册资本 1,100,000.00 万元，注册地址：北京，法定代表人：曹广晶。

  （二） 所处行业
  公司属电力行业。

  （三） 经营范围

  公司主要经营电力生产、经营和投资；电力生产技术咨询；水电工程检修维护。

  （四） 主要产品

  公司主要产品为电力。

  （五） 公司的基本组织架构

  本公司的母公司为中国长江三峡集团公司。
  公司由三峡电厂、葛洲坝电厂、检修厂、梯调中心及各职能部门组成，无分公司，2008

                        第 68 页
                                           2009 年年度报告

年成立全资子公司—北京长电创新投资管理有限公司（以下简称"长电创投"）。2009 年 9 月
28 日同一控制合并下取得 5 家子公司，分别为：长江三峡实业有限公司（以下简称"实业公
司"）、长江三峡设备物资有限公司（以下简称"设备公司"）、长江三峡水电工程有限公司（以
下简称"水电公司"）、三峡国际招标有限责任公司（以下简称"招标公司"）、三峡高科信息技
术有限责任公司（以下简称"高科公司"）。


二、公司主要会计政策、会计估计和前期差错

  （一） 财务报表的编制基础

  本公司以持续经营为基础，根据实际发生的交易和事项，按照《企业会计准则—基本准
则》和其他各项具体会计准则、应用指南及准则解释的规定进行确认和计量，在此基础上编
制财务报表。编制符合企业会计准则要求的财务报表需要使用估计和假设，这些估计和假设
会影响到财务报告日的资产、负债和或有负债的披露，以及报告期间的收入和费用。

  （二） 遵循企业会计准则的声明

  本公司编制的财务报表符合企业会计准则的要求，真实、完整地反映了本公司 2009 年
12 月 31 日的财务状况、2009 年度的经营成果和现金流量等有关信息。

  （三） 会计期间

  本公司会计年度为公历年度，即每年 1 月 1 日起至 12 月 31 日止。

  （四） 记账本位币

  本公司以人民币为记账本位币。

  （五） 同一控制下和非同一控制下企业合并的会计处理方法

  1. 同一控制下的企业合并

  对于同一控制下的企业合并，合并方在企业合并中取得的资产和负债，按照合并日在被
合并方的账面价值计量。合并方取得的净资产账面价值与支付的合并对价账面价值（或发行
股份面值总额）的差额，调整资本公积；资本公积不足冲减的，调整留存收益。

  2. 非同一控制下的企业合并

  对于非同一控制下的企业合并，合并成本为购买方在购买日为取得对被购买方的控制权
而付出的资产、发生或承担的负债以及发行的权益性证券的公允价值。通过多次交换交易分
步实现的企业合并，合并成本为每一单项交易成本之和。购买方为进行企业合并发生的各项
直接相关费用计入企业合并成本。
  购买方对合并成本大于合并中取得的被购买方可辨认净资产公允价值份额的差额，确认
为商誉。购买方对合并成本小于合并中取得的被购买方可辨认净资产公允价值份额的，经复

                      第 69 页
                                   2009 年年度报告

核后合并成本仍小于合并中取得的被购买方可辨认净资产公允价值份额的差额，计入当期损
益。

  （六） 合并财务报表的编制方法

  本公司将拥有实际控制权的子公司和特殊目的主体纳入合并财务报表范围。
  本公司合并财务报表按照《企业会计准则第 33 号－合并财务报表》及相关规定的要求
编制，合并时合并范围内的所有重大内部交易和往来业已抵销。子公司的股东权益中不属于
母公司所拥有的部分作为少数股东权益在合并财务报表中股东权益项下单独列示。
  子公司与本公司采用的会计政策或会计期间不一致的，在编制合并财务报表时，按照本
公司的会计政策或会计期间对子公司财务报表进行必要的调整。
  对于非同一控制下企业合并取得的子公司，在编制合并财务报表时，以购买日可辨认净
资产公允价值为基础对其个别财务报表进行调整；对于同一控制下企业合并取得的子公司，
在编制合并财务报表时，视同合并后形成的报告主体自最终控制方开始实施控制时一直是一
体化存续下来的，对合并资产负债表的期初数进行调整，同时对比较报表的相关项目进行调
整。

  （七） 现金及现金等价物的确定标准

  本公司在编制现金流量表时所确定的现金，是指本公司的库存现金以及可以随时用于支
付的存款；现金等价物，是指本公司持有的期限短、流动性强、易于转换为已知金额现金、
价值变动风险很小的投资。

  （八） 外币业务

     本公司对发生的外币业务，采用业务发生日中国人民银行授权中国外汇交易中心公布的
中间价折合为人民币记账。资产负债表日，外币货币性项目按中国人民银行授权中国外汇交
易中心公布的中间价折算，由此产生的汇兑损益，除属于与符合资本化条件资产有关的借款
产生的汇兑损益，予以资本化计入相关资产成本外，其余计入当期损益。以历史成本计量的
外币非货币性项目，仍采用业务发生日中国人民银行授权中国外汇交易中心公布的中间价折
算，不改变其记账本位币金额。

     （九） 金融工具

     1. 金融工具的分类、确认依据和计量方法

     本公司的金融资产包括：以公允价值计量且其变动计入当期损益的金融资产、应收款项
（相关说明见附注二之（十））、可供出售金融资产和持有至到期投资。金融资产的分类取决
于本公司及其子公司对金融资产的持有意图和持有能力。
     本公司的金融负债包括：以公允价值计量且其变动计入当期损益的金融负债和其他金融
负债。
     （1）以公允价值计量且其变动计入当期损益的金融资产

                      第 70 页
                                   2009 年年度报告

  包括交易性金融资产和直接指定为以公允价值计量且其变动计入当期损益的金融资产，
按照取得时的公允价值作为初始确认金额，相关的交易费用在发生时计入当期损益。支付的
价款中包含已宣告但尚未发放的现金股利或已到付息期但尚未领取的债券利息，单独确认为
应收项目。本公司在持有该等金融资产期间取得的利息或现金股利，确认为投资收益。资产
负债表日，本公司将该等金融资产的公允价值变动计入当期损益。处置该等金融资产时，该
等金融资产公允价值与初始入账金额之间的差额确认为投资收益，同时调整公允价值变动损
益。
  （2）持有至到期投资
     指到期日固定、回收金额固定或可确定，且本公司有明确意图和能力持有至到期的非衍
生金融资产。本公司对持有至到期投资，按取得时的公允价值和相关交易费用之和作为初始
确认金额。支付的价款中包含的已到付息期但尚未领取的债券利息，单独确认为应收项目。
持有至到期投资在持有期间按照摊余成本和实际利率确认利息收入，计入投资收益。实际利
率在取得持有至到期投资时确定，在随后期间保持不变。实际利率与票面利率差别很小的，
按票面利率计算利息收入，计入投资收益。处置持有至到期投资时，将所取得价款与该投资
账面价值之间的差额确认为投资收益。
     如本公司因持有意图或能力发生改变，使某项投资不再适合作为持有至到期投资，则将
其重分类为可供出售金融资产，并以公允价值进行后续计量。重分类日，该投资的账面价值
与公允价值之间的差额计入所有者权益，在该可供出售金融资产发生减值或终止确认时转
出，计入当期损益。
     （3）可供出售金融资产
     指初始确认时即被指定为可供出售的非衍生金融资产，即本公司没有划分为以公允价值
计量且其变动计入当期损益的金融资产、持有至到期投资、贷款和应收款项的金融资产。
     本公司可供出售金融资产按取得时的公允价值和相关交易费用之和作为初始确认金额。
支付的价款中包含已到付息期但尚未领取的债券利息或已宣告但尚未发放的现金股利，单独
确认为应收项目。本公司可供出售金融资产持有期间取得的利息或现金股利，确认为投资收
益。资产负债表日，可供出售金融资产按公允价值计量，其公允价值变动计入“资本公积－
其他资本公积”。
     处置可供出售金融资产时，将取得的价款和该金融资产的账面价值之间的差额，计入投
资收益，同时，将原直接计入所有者权益的公允价值变动累计额对应处置部分的金额转出，
计入投资收益。
     （4）以公允价值计量且其变动计入当期损益的金融负债
     指交易性金融负债和直接指定为以公允价值计量且其变动计入当期损益的金融负债，具
体包括：1）为了近期内回购而承担的金融负债；2）本公司基于风险管理、战略投资需要等，
直接指定为以公允价值计量且其变动计入当期损益的金融负债；3）不作为有效套期工具的

                     第 71 页
                                    2009 年年度报告

衍生工具。
  本公司持有该类金融负债按公允价值计价，不扣除将来结清金融负债时可能发生的交易
费用。如不适合按公允价值计量时，本公司将该类金融负债改按摊余成本计量。
  （5）其他金融负债
  本公司的其他金融负债是指除以公允价值计量且其变动计入当期损益的金融负债以外
的金融负债。主要包括企业发行的债券、因购买商品产生的应付账款、长期应付款等。其他
金融负债按其公允价值和相关交易费用之和作为初始确认金额。采用摊余成本进行后续计
量。
  本公司拥有的其他不属于以公允价值计量且其变动计入当期损益的金融负债的财务担
保合同等，按其公允价值和相关交易费用之和作为初始确认金额。在初始计量后按《企业会
计准则第 13 号－或有事项》确定的金额，和按《企业会计准则第 14 号—收入》的原则确定
的累计摊销额后的余额两者中的较高者进行后续计量。

     2. 金融资产转移的确认依据和计量方法

  本公司的金融资产转移，包括下列两种情形：
  （1）将收取金融资产现金流量的权利转移给另一方；
     （2）将金融资产转移给另一方，但保留收取金融资产现金流量的权利，并承担将收取
的现金流量支付给最终收款方的义务，同时满足下列条件：
     A．从该金融资产收到对等的现金流量时，才有义务将其支付给最终收款方。公司发生
短期垫付款，但有权全额收回该垫付款并按照市场上同期银行贷款利率计收利息的，视同满
足本条件。
     B．根据合同约定，不能出售该金融资产或作为担保物，但可以将其作为对最终收款方
支付现金流量的保证。
     C．有义务将收取的现金流量及时支付给最终收款方。公司无权将该现金流量进行再投
资，但按照合同约定在相邻两次支付间隔期内将所收到的现金流量进行现金或现金等价物投
资的除外。公司按照合同约定进行再投资的，应当将投资收益按照合同约定支付给最终收款
方。
     已将金融资产所有权上几乎所有的风险和报酬转移给转入方的，终止确认该金融资产；
保留了金融资产所有权上几乎所有的风险和报酬的，不终止确认该金融资产。
     既没有转移也没有保留金融资产所有权上几乎所有的风险和报酬的，分别下列情况处
理：
     （1）放弃了对该金融资产控制的，终止确认该金融资产。
     （2）未放弃对该金融资产控制的，按照其继续涉入所转移金融资产的程度确认有关金
融资产，并相应确认有关负债。


                      第 72 页
                                     2009 年年度报告

  3. 金融负债终止确认条件

  金融负债的现时义务全部或部分已经解除的，终止确认该金融负债或其一部分。金融负
债全部或部分终止确认的，将终止确认部分的账面价值与支付的对价（包括转出的非现金资
产或承担的新金融负债）之间的差额，计入当期损益。

  4. 金融工具的公允价值确定方法

  存在活跃市场的金融工具，以活跃市场中的报价确定其公允价值。不存在活跃市场的金
融工具，采用估值技术确定其公允价值。估值技术包括参考熟悉情况并自愿交易的各方最近
进行的市场交易中使用的价格、参照实质上相同的其他金融资产的当前公允价值、现金流量
折现法等。采用估值技术时，尽可能最大程度使用市场参数，减少使用与本公司及其子公司
特定相关的参数。

  5. 金融资产减值测试方法、减值准备计提方法

  资产负债表日，本公司对以公允价值计量且其变动计入当期损益的金融资产以外的金融
资产的账面价值进行检查。
  对于持有至到期投资，有客观证据表明其发生了减值的，根据其账面价值与预计未来现
金流量现值之间差额计算确认减值损失；计提后如有证据表明其价值已恢复，原确认的减值
损失可予以转回，记入当期损益，但该转回的账面价值不超过假定不计提减值准备情况下该
金融资产在转回日的摊余成本。
  对于可供出售金融资产，如果其公允价值出现持续大幅度下降，且预期该下降为非暂时
性的，则根据其初始投资成本扣除已收回本金和已摊销金额及当期公允价值后的差额计算确
认减值损失；在计提减值损失时将原直接计入所有者权益的公允价值下降形成的累计损失一
并转出，计入“资产减值损失”。

  （十） 应收款项

  本公司应收款项（包括应收账款和其他应收款等）按合同或协议价款作为初始入账金额。
凡因债务人破产，依照法律清偿程序清偿后仍无法收回；或因债务人死亡，既无遗产可供清
偿，又无义务承担人，确实无法收回；或因债务人逾期未能履行偿债义务，经法定程序审核
批准，该等应收款项列为坏账损失。

  1. 单项金额重大的应收款项坏账准备的确认标准和计提方法

  本公司将单项金额超过 1,000.00 万元的应收款项，确定为单项金额重大的应收款项。
  在资产负债表日，本公司对单项金额重大的应收款项单独进行减值测试，经测试发生了
减值的，按其未来现金流量现值低于其账面价值的差额，确定减值损失，计提坏账准备；对
单项测试未减值的应收款项，会同对单项金额非重大的应收款项，按类似的信用风险特征划
分为若干组合，再按这些应收款项组合在资产负债表日余额的一定比例计算确定减值损失，

                     第 73 页
                                                  2009 年年度报告

计提坏账准备。

  2. 对于单项金额不重大但按信用风险特征组合后该组合的风险较大的应收款项坏账准
备的确认标准和计提方法。

  本公司将账龄在 3 年以上、单项金额小于 1,000.00 万元的应收款项，确定为单项金额不
重大但按信用风险特征组合后该组合的风险较大的应收款项，坏账准备计提比例见附注二之
（十.3）。

  3. 各类信用风险组合的划分及坏账准备的确认标准和计提方法

  应收款项以账龄为风险特征划分信用风险组合，确定计提比例如下：

  账龄      1 年以内     1-2 年      2-3 年   3-4 年   4-5 年   5 年以上
计提比例         0.3%    5%        20%     50%     80%     100%

  本公司以应收债权向银行等金融机构转让、质押或贴现等方式融资时，根据相关合同的
约定，当债务人到期未偿还该项债务时，若本公司负有向金融机构还款的责任，则该应收债
权作为质押贷款处理；若本公司没有向金融机构还款的责任，则该应收债权作为转让处理，
并确认债权的转让损益。
  本公司收回应收款项时，将取得的价款和应收款项账面价值之间的差额计入当期损益。

  （十一） 存货

  1. 存货的分类

  存货是指本公司在日常活动中持有在生产过程或提供劳务过程中耗用的材料和物料等。
主要包括原材料、库存商品、周转材料、备品备件、包装物、低值易耗品等。

  2. 发出存货的计价方法

  存货在取得时，按成本进行初始计量，包括采购成本、加工成本和其他成本。存货发出
时，采用加权平均法、个别计价法确定发出存货的实际成本。

  3. 存货可变现净值的确定依据及存货跌价准备的计提方法

  资产负债表日，存货按照成本与可变现净值孰低计量。年末，在对存货进行全面盘点的
基础上，对于存货因被淘汰、全部或部分陈旧过时或销售价格低于成本等原因导致成本高于
可变现净值的部分，以及承揽工程预计存在的亏损部分，提取存货跌价准备。存货跌价准备
按单个存货项目的成本高于其可变现净值的差额提取。

  4. 存货的盘存制度

  本公司的存货盘存制度为永续盘存制。本公司定期对存货进行清查，盘盈利得和盘亏损
失计入当期损益。

  5. 低值易耗品和包装物的摊销方法

                            第 74 页
