                                                                                                     2010 年年度报告

                                                                                                           资产


                                                                                  可供出
         工商                                                                           作为战略投
601398      365,092,164.45           0.0336          497,042,713.20-96,228,548.44 售金融
                                                                          19,070,430.00
         银行                                                                            资者参股
                                                                                   资产
                                                                                  可供出
        中国                                                                            二级市场购
 601179      118,562,038.12  0.43  148,283,553.00        0.00      22,291,136.17 售金融
        西电                                                                              入股票
                                                                                   资产
                                                                                  可供出
        建设                                                                            作为发起人
0939.HK     1,263,375,371.95 0.45 6,346,150,847.01 202,000,000.00 157,480,406.29 售金融
        银行                                                                               参股
                                                                                   资产
     合计     5,784,826,808.06   -  11,973,061,076.24 714,866,314.01 -70,799,608.97   -     -
      注：1、本表要求填列公司在长期股权投资、可供出售金融资产中核算的持有其他上市公司股权情况
         2、报告期损益指：该项投资对公司本报告期合并净利润的影响。

           （二）公司持有非上市金融企业股权情况
                          占该公司
  所持对象        初始投资金额 持股数                                 期末账面价值             报告期损益 报 告 期 所 有 者 会计核算                  股份
                          股权比例
   名称          （元）   量（股）                                  （元）               （元）  权益变动（元） 科目                        来源
                           （%）
中国电力财务                                                                                                     长期股权
              8,750,000.00           -        0.18        8,750,000.00      875,000.00                          直接投资
有限责任公司                                                                                                      投资

三峡财务有限                                                                                                     长期股权
       437,300,000.00                -       22.08       661,228,991.05 50,962,830.18 -34,799,342.39            直接投资
 责任公司                                                                                                       投资

    合计       446,050,000.00      -             -        669,978,991.05 51,837,830.18 -34,799,342.39         -       -
     注：1、金融企业包括证券公司、商业银行、保险公司、期货公司、信托公司等；
       2、期末账面价值应当扣除已计提的减值准备；
       3、报告期损益指：该项投资对公司本报告期合并净利润的影响。

           （三）买卖其他上市公司股份的情况

                             期初股份数量                  报告期买入/卖           期末股份数量              使用的资金           产生的投资
              简 称
                               （股）                   出数量（股）              （股）               数量（元）           收益（元）

             上海电力             187,620,600             12,948,179         200,568,779      51,428,500.98         -
    买入
             中国西电                        -            18,770,070         18,770,070       118,562,038.12        -
             交通银行             3,191,500.00            478,725.00         3,670,225.00      2,154,262.50         -
    配售       工商银行            112,179,000.00          5,048,055.00     117,227,055.00      15,093,684.45         -
             建行股份        1,000,000,000.00            70,000,000.00    1,070,000,000.00 263,375,371.95           -




                                                            第 58 页
                                                 2010 年年度报告




                      第十节 财务报告

   一、审计报告
                                  天健正信审（2011）GF 字第 010021 号

中国长江电力股份有限公司全体股东：
  我们审计了后附的中国长江电力股份有限公司（以下简称长江电力）财务报表，包括 2010
年 12 月 31 日的资产负债表、合并资产负债表，2010 年度的利润表、合并利润表和现金流量表、
合并现金流量表及股东权益变动表、合并股东权益变动表，以及财务报表附注。
  一、管理层对财务报表的责任
  按照企业会计准则的规定编制财务报表是长江电力管理层的责任。这种责任包括：
                                     （1）设计、
实施和维护与财务报表编制相关的内部控制，以使财务报表不存在由于舞弊或错误而导致的重大
错报；（2）选择和运用恰当的会计政策；（3）做出合理的会计估计。
  二、注册会计师的责任
  我们的责任是在实施审计工作的基础上对财务报表发表审计意见。我们按照中国注册会计师
审计准则的规定执行了审计工作。中国注册会计师审计准则要求我们遵守职业道德规范，计划和
实施审计工作以对财务报表是否不存在重大错报获取合理保证。
  审计工作涉及实施审计程序，以获取有关财务报表金额和披露的审计证据。选择的审计程序
取决于注册会计师的判断，包括对由于舞弊或错误导致的财务报表重大错报风险的评估。在进行
风险评估时，我们考虑与财务报表编制相关的内部控制，以设计恰当的审计程序。审计工作还包
括评价管理层选用会计政策的恰当性和做出会计估计的合理性，以及评价财务报表的总体列报。
  我们相信，我们获取的审计证据是充分、适当的，为发表审计意见提供了基础。
  三、审计意见
  我们认为，长江电力财务报表已经按照企业会计准则的规定编制，在所有重大方面公允反映
了长江电力 2010 年 12 月 31 日的财务状况以及 2010 年度的经营成果和现金流量。


                                  中国注册会计师


   天健正信会计师事务所有限公司                 郝丽江

        中国   ·   北京               中国注册会计师



                                  杨 倩
                                  报告日期： 2011 年 4 月 27 日

                         第 59 页
                                                                                             2010 年年度报告



     二、报表和附注
                                          资产负债表

编制单位：中国长江电力股份有限公司                           2010年12月31日                                       金额单位:人民币元
                                                合并                                      母公司
      资产            注释
                           2010 年 12 月 31 日       2009 年 12 月 31 日      2010 年 12 月 31 日     2009 年 12 月 31 日
流动资产：
  货币资金               1       1,900,554,737.06        2,114,161,995.11     1,481,255,412.03      1,443,071,202.63
  结算备付金
  拆出资金
  交易性金融资产            2           1,739,200.00        1,001,976,848.11                           1,000,197,258.11
  应收票据               3       1,194,272,979.06        1,127,980,059.96     1,193,972,979.06      1,127,380,059.96
  应收账款              6/a      1,348,817,479.63        1,286,103,701.07     1,275,630,098.96      1,197,450,825.40
  预付款项               8           4,943,598.46          33,631,159.51          3,951,347.89         30,703,962.01
  应收保费
  应收分保账款
  应收分保合同准备金
  应收利息               5           1,604,530.55              13,586.30          1,222,222.22
  应收股利               4        179,394,178.52                               200,670,378.52
  其他应收款             7/b         15,659,290.86          19,443,246.02          1,921,580.63          1,553,295.87
  买入返售金融资产
  存货                 9        312,617,483.08          274,181,751.61       306,459,215.83        270,892,633.38
  一年内到期的非流动资产
  其他流动资产            10       1,600,060,240.00                             1,600,060,240.00
    流动资产合计                   6,559,663,717.22        5,857,492,347.69     6,065,143,475.14      5,071,249,237.36
非流动资产：
  发放委托贷款及垫款
  可供出售金融资产          11       7,227,660,499.26        6,887,549,478.43     7,227,660,499.26      6,869,927,358.43
  持有至到期投资
  长期应收款
  长期股权投资            13/c     7,643,867,560.50        7,393,659,843.78     8,211,469,800.88      8,095,423,168.45
  投资性房地产            14          78,417,833.83          66,250,330.60
  固定资产              15     135,751,192,586.81     141,502,388,037.78    135,675,993,153.56    141,409,785,611.27
  在建工程              16          94,158,676.65          40,775,418.36         94,158,676.65         40,775,418.36
  工程物资
  固定资产清理
  生产性生物资产
  油气资产
  无形资产              17          14,700,867.13          16,724,887.37         13,996,472.83         16,647,298.20
  开发支出
  商誉
  长期待摊费用            18             40,000.00               70,000.00
  递延所得税资产           19          91,446,006.60          95,875,155.54         90,011,957.37         94,866,494.74
  其他非流动资产
   非流动资产合计                 150,901,484,030.78     156,003,293,151.86    151,313,290,560.55    156,527,425,349.45
     资产总计                  157,461,147,748.00     161,860,785,499.55    157,378,434,035.69    161,598,674,586.81

法定代表人： 曹广晶                    主管会计工作负责人：白勇                                              会计机构负责人：李绍平




                                                第 60 页
                                                                                              2010 年年度报告


                                   资产负债表（续）

编制单位：中国长江电力股份有限公司                      2010年12月31日                                             金额单位:人民币元
                                              合并                                         母公司
    负债和股东权益         注释
                         2010 年 12 月 31 日      2009 年 12 月 31 日         2010 年 12 月 31 日      2009 年 12 月 31 日
流动负债：
  短期借款              21    25,991,779,347.13          1,006,541,095.91     26,261,779,347.13      1,006,541,095.91
  向中央银行借款
  吸收存款及同业存放
  拆入资金
  交易性金融负债
  应付票据              22        19,469,148.31          1,014,907,994.24         19,469,148.31      1,014,907,994.24
  应付账款              23        88,059,924.16             57,332,311.50         54,060,790.94         28,172,814.30
  预收款项              24        24,950,050.91             52,622,128.01
  卖出回购金融资产款
  应付手续费及佣金
  应付职工薪酬            25        46,272,475.73             44,049,246.32         43,910,628.19         41,958,705.18
  应交税费              26     1,153,872,670.27           785,302,529.55       1,126,338,437.29       754,450,526.89
  应付利息              27      400,210,549.83            474,688,163.55        400,540,549.83        474,688,163.55
  应付股利              28                                   1,392,700.00
  其他应付款             29      794,302,494.67          12,264,460,614.35       762,445,022.28      12,216,358,635.32
  应付分保账款
  保险合同准备金
  代理买卖证券款
  代理承销证券款
  一年内到期的非流动负债       30    30,703,033,615.80         11,524,989,687.20     30,703,033,615.80     11,524,989,687.20
  其他流动负债
     流动负债合计               59,221,950,276.81         27,226,286,470.63     59,371,577,539.77     27,062,067,622.59
非流动负债：
  长期借款              31    12,371,274,674.42         51,071,582,620.94     12,371,274,674.42     51,071,582,620.94
  应付债券              32    18,363,523,140.42         20,344,558,635.47     18,363,523,140.42     20,344,558,635.47
  长期应付款
  专项应付款
  预计负债
  递延所得税负债           19     1,338,896,913.65          1,349,319,394.79      1,338,896,913.65      1,349,309,282.21
  其他非流动负债
    非流动负债合计               32,073,694,728.49         72,765,460,651.20     32,073,694,728.49     72,765,450,538.62
      负债合计                91,295,645,005.30         99,991,747,121.83     91,445,272,268.26     99,827,518,161.21
所有者权益（或股东权益）：
  实收资本（或股本）         33    16,500,000,000.00         11,000,000,000.00     16,500,000,000.00     11,000,000,000.00
  资本公积              34    32,011,750,167.25         37,894,382,969.82     32,201,867,254.43     38,114,234,712.73
  减：库存股
  专项储备
  盈余公积              35     6,109,071,251.54          4,485,818,295.30      6,073,681,322.21      4,450,428,365.97
  一般风险准备
  未分配利润             36    11,539,490,118.67          8,479,561,133.92     11,157,613,190.79      8,206,493,346.90
  外币报表折算差额
归属于母公司所有者权益合计             66,160,311,537.46         61,859,762,399.04     65,933,161,767.43     61,771,156,425.60
  *少数股东权益                      5,191,205.24              9,275,978.68
    所有者权益合计               66,165,502,742.70         61,869,038,377.72     65,933,161,767.43     61,771,156,425.60
  负债和所有者权益总计             157,461,147,748.00        161,860,785,499.55    157,378,434,035.69    161,598,674,586.81

法定代表人： 曹广晶                  主管会计工作负责人：白勇                                                会计机构负责人：李绍平




                                               第 61 页
                                                                                          2010 年年度报告


                                    利      润      表

编制单位：中国长江电力股份有限公司                        2010年度                                           金额单位:人民币元
                                             合并                                     母公司
         项   目       注释
                               2010 年度              2009 年度             2010 年度              2009 年度
一、营业总收入                      21,880,246,303.77    11,015,033,923.14   21,415,002,131.11    10,449,871,857.07
其中：营业收入              37/d    21,880,246,303.77    11,015,033,923.14   21,415,002,131.11    10,449,871,857.07
   利息收入
   已赚保费
   手续费及佣金收入
二、营业总成本                      13,455,072,693.10     7,096,163,906.65   13,064,045,476.68     6,656,344,161.91
其中：营业成本              37/d     8,335,441,015.94     4,615,913,961.88    8,018,319,476.69     4,254,427,323.36
   利息支出
   手续费及佣金支出
   退保金
   赔付支出净额
   提取保险合同准备金净额
   保单红利支出
   分保费用
   营业税金及附加           38        343,884,425.81       194,962,678.73      312,239,904.41       164,652,466.44
   销售费用              39         10,556,620.56          7,598,509.38        5,424,479.25         2,589,489.76
   管理费用              40        459,138,588.93       423,907,497.92      415,253,199.20       376,809,656.76
   财务费用              41       4,305,086,271.59     1,851,571,423.25    4,312,381,699.17     1,856,281,734.66
   资产减值损失            44            965,770.27          2,209,835.49         426,717.96          1,583,490.93
     加：公允价值变动收益（损失
                   42              -167,058.11           -19,541.89         -197,258.11          197,258.11
以“-”号填列）
   投资收益（损失以“-”号填列） 43/e        357,905,466.01      1,109,740,543.05     302,237,602.39      1,074,847,982.70
   其中：对联营企业和合营企业
                               104,630,131.73       427,607,513.14          732,297.23       401,418,240.44
的投资收益
   汇兑收益（损失以“-”号填列）
三、营业利润（亏损以“－”号填列）             8,782,912,018.57     5,028,591,017.65    8,652,996,998.71     4,868,572,935.97
   加：营业外收入           45       2,118,101,260.87      976,876,784.40     2,117,450,958.12      976,600,627.25
   减：营业外支出           46         14,895,637.41          7,641,127.76      14,007,258.37          3,990,345.63
   其中：非流动资产处置损失                   5,549,756.61         5,388,774.90        5,188,902.39         2,084,380.63
四、利润总额（亏损总额以“－”号填            10,886,117,642.03     5,997,826,674.29   10,756,440,698.46     5,841,183,217.59
列）
   减：所得税费用        47          2,660,454,743.04     1,378,814,270.16    2,640,175,917.24     1,344,562,920.31
五、净利润（净亏损以“－”号填列）             8,225,662,898.99     4,619,012,404.13    8,116,264,781.22     4,496,620,297.28
其中：同一控制下企业合并的被合并
                                                      71,186,491.05
方在合并前实现的净利润
  归属于母公司所有者的净利润               8,225,073,922.08     4,617,254,933.62    8,116,264,781.22     4,496,620,297.28
 *少数股东损益                           588,976.91          1,757,470.51
六、每股收益：              48
 基本每股收益                                0.4985               0.3128
 稀释每股收益                                0.4985               0.3128
七、其他综合收益             49         -74,615,932.81     1,722,420,269.41     -104,684,838.19     1,713,694,868.73
八、综合收益总额                      8,151,046,966.18     6,341,432,673.54    8,011,579,943.03     6,210,315,166.01

  归属于母公司所有者的综合收益
                              8,150,457,989.27     6,339,656,863.00    8,011,579,943.03     6,210,315,166.01
总额
 *归属于少数股东的综合收益总额                   588,976.91          1,775,810.54

法定代表人： 曹广晶                  主管会计工作负责人：白勇                                         会计机构负责人：李绍平


                                          第 62 页
                                                                                           2010 年年度报告


                                         现金流量表
编制单位：中国长江电力股份有限公司                              2010年度                                       金额单位:人民币元
                                                  合并                                      母公司
          项   目            注释
                                     2010 年度              2009 年度              2010 年度         2009 年度
一、经营活动产生的现金流量：
   销售商品、提供劳务收到的现金               25,369,522,411.53    24,711,767,769.51    24,867,308,739.23    24,140,043,973.95
   客户存款和同业存放款项净增加额
   向中央银行借款净增加额
   向其他金融机构拆入资金净增加额
   收到原保险合同保费取得的现金
   收到再保险业务现金净额
   保户储金及投资款净增加额
   处置交易性金融资产净增加额
   收取利息、手续费及佣金的现金
   拆入资金净增加额
   回购业务资金净增加额
   收到的税费返还                       1,846,780,565.23       810,591,465.93     1,846,544,511.39       810,591,465.93
   收到其他与经营活动有关的现金          50       23,842,333.20        81,841,875.36        12,169,996.63        33,620,015.95
         经营活动现金流入小计             27,240,145,309.96    25,604,201,110.80    26,726,023,247.25    24,984,255,455.83
  购买商品、接受劳务支付的现金                 2,492,081,270.20    13,118,656,293.52     2,457,782,379.05    12,966,594,468.03
  客户贷款及垫款净增加额
  存放中央银行和同业款项净增加额
  支付原保险合同赔付款项的现金
  支付利息、手续费及佣金的现金
  支付保单红利的现金
  支付给职工以及为职工支付的现金                  903,901,445.38       772,790,038.89       600,064,816.39       506,348,031.25
  支付的各项税费                        6,268,293,002.88     3,308,304,203.82     6,208,335,186.81     3,242,238,821.31
  支付其他与经营活动有关的现金           50      249,867,276.13       215,229,898.46       177,851,942.93       193,016,682.33
         经营活动现金流出小计              9,914,142,994.59    17,414,980,434.69     9,444,034,325.18    16,908,198,002.92
        经营活动产生的现金流量净额           17,326,002,315.37     8,189,220,676.11    17,281,988,922.07     8,076,057,452.91
二、投资活动产生的现金流量：
  收回投资收到的现金                      5,670,065,854.54     6,301,891,294.76     5,400,463,028.30     5,941,310,707.02
  取得投资收益收到的现金                      330,252,882.80       239,058,905.49       354,448,574.06       230,129,465.30
  处置固定资产、无形资产和其他长期资产所收回的现金           1,314,398.48         9,480,841.03         1,079,709.50         1,100,678.32
  处置子公司及其他营业单位收回的现金净额
  收到其他与投资活动有关的现金
         投资活动现金流入小计              6,001,633,135.82     6,550,431,041.28     5,755,991,311.86     6,172,540,850.64
  购建固定资产、无形资产和其他长期资产所支付的现金      11,511,619,642.89    23,615,027,829.88    11,498,759,644.36    23,604,675,233.15
  投资支付的现金                        7,410,906,246.30     6,657,731,743.20     7,151,137,126.30     6,107,541,473.50
  质押贷款净增加额
  取得子公司及其他营业单位支付的现金净额
  支付其他与投资活动有关的现金
         投资活动现金流出小计              18,922,525,889.19    30,272,759,573.08    18,649,896,770.66    29,712,216,706.65
       投资活动产生的现金流量净额            -12,920,892,753.37   -23,722,328,531.80   -12,893,905,458.80   -23,539,675,856.01
三、筹资活动产生的现金流量：
  吸收投资收到的现金
    其中：子公司吸收少数股东投资收到的现金
  取得借款所收到的现金                    45,190,000,000.00    36,453,700,000.00    45,460,000,000.00    36,453,700,000.00
  发行债券收到的现金
  收到其他与筹资活动有关的现金
         筹资活动现金流入小计             45,190,000,000.00    36,453,700,000.00    45,460,000,000.00    36,453,700,000.00
  偿还债务所支付的现金                    41,820,338,174.19    17,756,514,719.95    41,820,338,174.19    17,756,514,719.95
  分配股利、利润或偿付利息所支付的现金             7,899,605,709.33     3,772,393,146.00     7,900,788,143.15     3,747,854,013.29
    其中：子公司支付给少数股东的股利、利润                255,000.00           953,416.57
  支付其他与筹资活动有关的现金           50       88,772,936.53           323,532.50        88,772,936.53           323,532.50
         筹资活动现金流出小计             49,808,716,820.05    21,529,231,398.45    49,809,899,253.87    21,504,692,265.74
       筹资活动产生的现金流量净额            -4,618,716,820.05    14,924,468,601.55    -4,349,899,253.87    14,949,007,734.26
四、汇率变动对现金及现金等价物的影响
五、现金及现金等价物净增加额                    -213,607,258.05      -608,639,254.14        38,184,209.40      -514,610,668.84
  加：期初现金及现金等价物余额                 2,114,161,995.11     2,722,801,249.25     1,443,071,202.63     1,957,681,871.47
六、期末现金及现金等价物余额                   1,900,554,737.06     2,114,161,995.11     1,481,255,412.03     1,443,071,202.63
法定代表人： 曹广晶                 主管会计工作负责人：白勇                                              会计机构负责人：李绍平




                                          第 63 页
                                                                                                                                      2010 年年度报告




                                                   合并所有者权益变动表
编制单位：中国长江电力股份有限公司                                                2010年度                                                            金额单位:人民币元
                                                   归属于母公司所有者权益 2010 年度金额
              项目                                                                                                  少数股东权益           所有者权益合计
                        实收资本（或股本）              资本公积               减：库存股      盈余公积              未分配利润
一、上年年末余额                 11,000,000,000.00   37,894,382,969.82             4,485,818,295.30   8,479,561,133.92     9,275,978.68    61,869,038,377.72
       加：会计政策变更
         前期差错更正
         其他
二、本年年初余额                 11,000,000,000.00   37,894,382,969.82             4,485,818,295.30   8,479,561,133.92     9,275,978.68    61,869,038,377.72
三、本年增减变动金额（减少以“-”号填列)     5,500,000,000.00   -5,882,632,802.57             1,623,252,956.24   3,059,928,984.75     -4,084,773.44    4,296,464,364.98
（一）净利润                                                                                        8,225,073,922.08       588,976.91     8,225,662,898.99
（二）其他综合收益                                       -74,615,932.81                                                                        -74,615,932.81
上述（一）和（二）小计                                     -74,615,932.81                                8,225,073,922.08       588,976.91     8,151,046,966.18
（三）所有者投入和减少资本                                      -334,249.65                                                     -4,418,750.35       -4,753,000.00
1.所有者投入资本
2.股份支付计入所有者权益的金额
3.其他                                               -334,249.65                                                     -4,418,750.35       -4,753,000.00
（四）利润分配                                                                    1,623,252,956.24   -5,165,144,937.33     -255,000.00    -3,542,146,981.09
1.提取盈余公积                                                                   1,623,252,956.24   -1,623,252,956.24
2.提取一般风险准备
3.对所有者（或股东）的分配                                                                                -3,541,891,981.09     -255,000.00    -3,542,146,981.09
4.其他
（五）所有者权益内部结转              5,500,000,000.00   -5,500,000,000.00
1.资本公积转增资本（或股本）           5,500,000,000.00   -5,500,000,000.00
2.盈余公积转增资本（或股本）
3.盈余公积弥补亏损
4.其他
（六）专项储备提取和使用
1.提取专项储备
2.使用专项储备
（七）其他                                          -307,682,620.11                                                                       -307,682,620.11
四、本年年末余额                 16,500,000,000.00   32,011,750,167.25             6,109,071,251.54   11,539,490,118.67    5,191,205.24    66,165,502,742.70

法定代表人：曹广晶                                                         主管会计工作负责人：白勇                                          会计机构负责人：李绍平



                                                                  第 64 页
                                                                                                                                     2010 年年度报告




                                              合并所有者权益变动表（续）
编制单位：中国长江电力股份有限公司                                                2010年度                                                           金额单位:人民币元
                                                   归属于母公司所有者权益 2009 年度金额
              项目                                                                                                  少数股东权益          所有者权益合计
                        实收资本（或股本）              资本公积               减：库存股     盈余公积               未分配利润
一、上年年末余额                  9,412,085,457.00   17,939,494,519.52             3,551,104,306.51   6,664,404,282.27                    37,567,088,565.30
       加：会计政策变更
         前期差错更正
         其他                                    228,678,586.27                35,389,929.33      152,410,339.52     8,453,584.71     424,932,439.83
二、本年年初余额                  9,412,085,457.00   18,168,173,105.79             3,586,494,235.84   6,816,814,621.79     8,453,584.71   37,992,021,005.13
三、本年增减变动金额（减少以“-”号填列)     1,587,914,543.00   19,726,209,864.03              899,324,059.46    1,662,746,512.13      822,393.97    23,877,017,372.59
（一）净利润                                                                                        4,617,254,933.62     1,757,470.51    4,619,012,404.13
（二）其他综合收益                                     1,722,401,929.38                                                       18,340.03     1,722,420,269.41
上述（一）和（二）小计                                   1,722,401,929.38                                4,617,254,933.62     1,775,810.54    6,341,432,673.54
（三）所有者投入和减少资本             1,587,914,543.00   18,003,807,934.65                                  -23,585,716.14                    19,568,136,761.51
1.所有者投入资本                 1,587,914,543.00   18,546,841,862.24                                                                    20,134,756,405.24
2.股份支付计入所有者权益的金额
3.其他                                           -543,033,927.59                                  -23,585,716.14                      -566,619,643.73
（四）利润分配                                                                     899,324,059.46    -2,930,922,705.35    -953,416.57    -2,032,552,062.46
1.提取盈余公积                                                                    899,324,059.46     -899,324,059.46
2.提取一般风险准备
3.对所有者（或股东）的分配                                                                                -2,031,598,645.89    -953,416.57    -2,032,552,062.46
4.其他
（五）所有者权益内部结转
1.资本公积转增资本（或股本）
2.盈余公积转增资本（或股本）
3.盈余公积弥补亏损
4.其他
（六）专项储备提取和使用
1.提取专项储备
2.使用专项储备
（七）其他
四、本年年末余额                 11,000,000,000.00   37,894,382,969.82             4,485,818,295.30   8,479,561,133.92     9,275,978.68   61,869,038,377.72

法定代表人：曹广晶                                                         主管会计工作负责人：白勇                                               会计机构负责人：李绍平



                                                                  第 65 页
                                                                                                                                 2010 年年度报告



                                             母公司所有者权益变动表
编制单位：中国长江电力股份有限公司                                        2010年度                                                                金额单位:人民币元
                                                                            2010 年度金额
              项目
                        实收资本（或股本）              资本公积                 减：库存股               盈余公积               未分配利润                所有者权益合计
一、上年年末余额                 11,000,000,000.00   38,114,234,712.73                          4,450,428,365.97    8,206,493,346.90    61,771,156,425.60
       加：会计政策变更
         前期差错更正
         其他
二、本年年初余额                 11,000,000,000.00   38,114,234,712.73                          4,450,428,365.97    8,206,493,346.90    61,771,156,425.60
三、本年增减变动金额（减少以“-”号填列)     5,500,000,000.00    -5,912,367,458.30                         1,623,252,956.24    2,951,119,843.89     4,162,005,341.83
（一）净利润                                                                                                      8,116,264,781.22     8,116,264,781.22
（二）其他综合收益                                      -104,684,838.19                                                                    -104,684,838.19
上述（一）和（二）小计                                    -104,684,838.19                                              8,116,264,781.22     8,011,579,943.03
（三）所有者投入和减少资本
1.所有者投入资本
2.股份支付计入所有者权益的金额
3.其他
（四）利润分配                                                                                 1,623,252,956.24   -5,165,144,937.33    -3,541,891,981.09
1.提取盈余公积                                                                                1,623,252,956.24   -1,623,252,956.24
2.提取一般风险准备
3.对所有者（或股东）的分配                                                                                             -3,541,891,981.09    -3,541,891,981.09
4.其他
（五）所有者权益内部结转              5,500,000,000.00    -5,500,000,000.00
1.资本公积转增资本（或股本）           5,500,000,000.00    -5,500,000,000.00
2.盈余公积转增资本（或股本）
3.盈余公积弥补亏损
4.其他
（六）专项储备提取和使用
1.提取专项储备
2.使用专项储备
（七）其他                                          -307,682,620.11                                                                    -307,682,620.11
四、本年年末余额                 16,500,000,000.00   32,201,867,254.43                          6,073,681,322.21   11,157,613,190.79    65,933,161,767.43

法定代表人：曹广晶                                                   主管会计工作负责人：白勇                                                 会计机构负责人：李绍平




                                                           第 66 页
                                                                                                                             2010 年年度报告




                                          母公司所有者权益变动表（续）
编制单位：中国长江电力股份有限公司                                          2010年度                                                            金额单位:人民币元
                                                                        2009 年度金额
              项目
                        实收资本（或股本）              资本公积                 减：库存股           盈余公积               未分配利润                 所有者权益合计
一、上年年末余额                   9,412,085,457.00   17,939,494,519.52                     3,551,104,306.51   6,640,795,754.97      37,543,480,038.00
       加：会计政策变更
         前期差错更正
         其他
二、本年年初余额                   9,412,085,457.00   17,939,494,519.52                     3,551,104,306.51   6,640,795,754.97      37,543,480,038.00
三、本年增减变动金额（减少以“-”号填列)      1,587,914,543.00   20,174,740,193.21                      899,324,059.46    1,565,697,591.93      24,227,676,387.60
（一）净利润                                                                                                 4,496,620,297.28       4,496,620,297.28
（二）其他综合收益                                      1,713,694,868.73                                                               1,713,694,868.73
上述（一）和（二）小计                                    1,713,694,868.73                                        4,496,620,297.28       6,210,315,166.01
（三）所有者投入和减少资本              1,587,914,543.00   18,461,045,324.48                                                              20,048,959,867.48
1.所有者投入资本                  1,587,914,543.00   18,546,841,862.24                                                              20,134,756,405.24
2.股份支付计入所有者权益的金额
3.其他                                             -85,796,537.76                                                                 -85,796,537.76
（四）利润分配                                                                              899,324,059.46    -2,930,922,705.35     -2,031,598,645.89
1.提取盈余公积                                                                             899,324,059.46     -899,324,059.46
2.提取一般风险准备
3.对所有者（或股东）的分配                                                                                         -2,031,598,645.89     -2,031,598,645.89
4.其他
（五）所有者权益内部结转
1.资本公积转增资本（或股本）
2.盈余公积转增资本（或股本）
3.盈余公积弥补亏损
4.其他
（六）专项储备提取和使用
1.提取专项储备
2.使用专项储备
（七）其他
四、本年年末余额                  11,000,000,000.00   38,114,234,712.73                     4,450,428,365.97   8,206,493,346.90      61,771,156,425.60

法定代表人：曹广晶                                                     主管会计工作负责人：白勇                                                 会计机构负责人：李绍平


                                                           第 67 页
                                                    2010 年年度报告


                  中国长江电力股份有限公司
                    2010 年度财务报表附注


编制单位：中国长江电力股份有限公司                               金额单位：人民币元


一、公司的基本情况

   （一） 历史沿革
   中国长江电力股份有限公司（以下简称“公司”或“本公司”）是中国长江三峡集团公司（原中
国长江三峡工程开发总公司，以下简称“三峡集团”）作为主发起人，联合华能国际电力股份有限
公司、中国核工业集团公司、中国石油天然气集团公司、中国葛洲坝水利水电工程集团有限公司、
长江水利委员会长江勘测规划设计院等五家发起人，以发起方式设立的股份有限公司。公司于
2002 年 9 月 23 日经原国家经贸委“国经贸企改[2002]700 号文”批准设立，并于 2002 年 11 月 4 日
在国家工商行政管理总局办理了工商登记手续。
   经中国证券监督管理委员会批准，公司以募集方式向社会公开发行 A 股股票并于 2003 年
11 月 18 日在上海证券交易所上市交易。
   2009 年，根据公司 2009 年度第一次临时股东大会决议，并经中国证券监督管理委员会核准，
公司实施重大资产重组，收购三峡工程发电资产及 5 家辅助生产专业化公司股权。
   公司领取国家工商行政管理总局核发的 100000000037300（4-1）号企业法人营业执照，注册
资本 1,650,000.00 万元，注册地址：北京，法定代表人：曹广晶。

   （二） 所处行业
   公司属电力行业。

   （三） 经营范围
   公司主要经营电力生产、经营和投资；电力生产技术咨询；水电工程检修维护。

   （四） 主要产品
   公司主要产品为电力。

   （五） 公司的基本组织架构
   本公司的母公司为中国长江三峡集团公司。
   公司由三峡电厂、葛洲坝电厂、检修厂、梯调中心及各职能部门组成，无分公司，2008 年成
立全资子公司—北京长电创新投资管理有限公司（以下简称“长电创投”）。2009 年 9 月 28 日同
一控制下企业合并取得 5 家子公司，分别为：长江三峡实业有限公司（以下简称“实业公司”）
                                           、
长江三峡设备物资有限公司（以下简称“设备公司”）、长江三峡水电工程有限公司（以下简称“水



                              第 68 页
                                           2010 年年度报告

电公司”）、三峡国际招标有限责任公司（以下简称“招标公司”）、三峡高科信息技术有限责任公
司（以下简称“高科公司”）。


二、公司主要会计政策、会计估计和前期差错

  （一） 财务报表的编制基础

  本公司以持续经营为基础，根据实际发生的交易和事项，按照《企业会计准则—基本准则》
和其他各项具体会计准则、应用指南及准则解释的规定进行确认和计量，在此基础上编制财务报
表。编制符合企业会计准则要求的财务报表需要使用估计和假设，这些估计和假设会影响到财务
报告日的资产、负债和或有负债的披露，以及报告期间的收入和费用。

  （二） 遵循企业会计准则的声明

  本公司编制的财务报表符合《企业会计准则》的要求，真实、完整地反映了本公司 2010 年
12 月 31 日的财务状况、2010 年度的经营成果和现金流量等有关信息。

  （三） 会计期间

  本公司会计年度为公历年度，即每年 1 月 1 日起至 12 月 31 日止。

  （四） 记账本位币

  本公司以人民币为记账本位币。

  （五） 同一控制下和非同一控制下企业合并的会计处理方法

  1. 同一控制下的企业合并

  对于同一控制下的企业合并，合并方在企业合并中取得的资产和负债，按照合并日在被合并
方的账面价值计量。合并方取得的净资产账面价值与支付的合并对价账面价值（或发行股份面值
总额）的差额，调整资本公积；资本公积不足冲减的，调整留存收益。

  2. 非同一控制下的企业合并

  对于非同一控制下的企业合并，合并成本为购买方在购买日为取得对被购买方的控制权而付
出的资产、发生或承担的负债以及发行的权益性证券的公允价值。
  通过多次交换交易分步实现的非同一控制下企业合并，区分个别财务报表和合并财务报表进
行相关会计处理：
  （1）在个别财务报表中，以购买日之前所持被购买方的股权投资的账面价值与购买日新增投
资成本之和，作为该项投资的初始投资成本；购买日之前持有的被购买方的股权涉及其他综合收
益的，在处置该项投资时将与其相关的其他综合收益（例如，可供出售金融资产公允价值变动计
入资本公积的部分，下同）转入当期投资收益。
  （2）在合并财务报表中，对于购买日之前持有的被购买方的股权，按照该股权在购买日的公


                         第 69 页
                                    2010 年年度报告

允价值进行重新计量，公允价值与其账面价值的差额计入当期投资收益；购买日之前持有的被购
买方的股权涉及其他综合收益的，与其相关的其他综合收益转为购买日所属当期投资收益。
  购买方为进行企业合并发生的审计、法律服务、评估咨询等中介费用以及其他相关管理费用，
于发生时计入当期损益；购买方作为合并对价发行的权益性证券或债务性证券的交易费用，计入
权益性证券或债务性证券的初始确认金额。
  购买方对合并成本大于合并中取得的被购买方可辨认净资产公允价值份额的差额，确认为商
誉。购买方对合并成本小于合并中取得的被购买方可辨认净资产公允价值份额的，经复核后合并
成本仍小于合并中取得的被购买方可辨认净资产公允价值份额的差额，计入当期损益。

  （六） 合并财务报表的编制方法

  本公司将拥有实际控制权的子公司和特殊目的主体纳入合并财务报表范围。
  本公司合并财务报表按照《企业会计准则第 33 号－合并财务报表》及相关规定的要求编制，
合并时合并范围内的所有重大内部交易和往来业已抵销。子公司的股东权益中不属于母公司所拥
有的部分作为少数股东权益在合并财务报表中股东权益项下单独列示。
  子公司与本公司采用的会计政策或会计期间不一致的，在编制合并财务报表时，按照本公司
的会计政策或会计期间对子公司财务报表进行必要的调整。
  对于非同一控制下企业合并取得的子公司，在编制合并财务报表时，以购买日可辨认净资产
公允价值为基础对其个别财务报表进行调整；对于同一控制下企业合并取得的子公司，在编制合
并财务报表时，视同合并后形成的报告主体自最终控制方开始实施控制时一直是一体化存续下来
的，对合并资产负债表的期初数进行调整，同时对比较报表的相关项目进行调整。

  （七） 现金及现金等价物的确定标准

  本公司在编制现金流量表时所确定的现金，是指本公司的库存现金以及可以随时用于支付的
存款；现金等价物，是指本公司持有的期限短、流动性强、易于转换为已知金额现金、价值变动
风险很小的投资。

  （八） 外币业务

  本公司对发生的外币业务，采用业务发生日中国人民银行授权中国外汇交易中心公布的中间
价折合为人民币记账。资产负债表日，外币货币性项目按中国人民银行授权中国外汇交易中心公
布的中间价折算，由此产生的汇兑损益，除属于与符合资本化条件资产有关的借款产生的汇兑损
益，予以资本化计入相关资产成本外，其余计入当期损益。以历史成本计量的外币非货币性项目，
仍采用业务发生日中国人民银行授权中国外汇交易中心公布的中间价折算，不改变其记账本位币
金额。

  （九） 金融工具

  1. 金融工具的分类、确认依据和计量方法

  本公司的金融资产包括：以公允价值计量且其变动计入当期损益的金融资产、应收款项（相


                      第 70 页
                                     2010 年年度报告

关说明见附注二之（十））、可供出售金融资产和持有至到期投资。金融资产的分类取决于本公司
及其子公司对金融资产的持有意图和持有能力。
  本公司的金融负债包括：以公允价值计量且其变动计入当期损益的金融负债和其他金融负债。
  （1）以公允价值计量且其变动计入当期损益的金融资产
  包括交易性金融资产和直接指定为以公允价值计量且其变动计入当期损益的金融资产，按照
取得时的公允价值作为初始确认金额，相关的交易费用在发生时计入当期损益。支付的价款中包
含已宣告但尚未发放的现金股利或已到付息期但尚未领取的债券利息，单独确认为应收项目。本
公司在持有该等金融资产期间取得的利息或现金股利，确认为投资收益。资产负债表日，本公司
将该等金融资产的公允价值变动计入当期损益。处置该等金融资产时，该等金融资产公允价值与
初始入账金额之间的差额确认为投资收益，同时调整公允价值变动损益。
  （2）持有至到期投资
  指到期日固定、回收金额固定或可确定，且本公司有明确意图和能力持有至到期的非衍生金
融资产。本公司对持有至到期投资，按取得时的公允价值和相关交易费用之和作为初始确认金额。
支付的价款中包含的已到付息期但尚未领取的债券利息，单独确认为应收项目。持有至到期投资
在持有期间按照摊余成本和实际利率确认利息收入，计入投资收益。实际利率在取得持有至到期
投资时确定，在随后期间保持不变。实际利率与票面利率差别很小的，按票面利率计算利息收入，
计入投资收益。处置持有至到期投资时，将所取得价款与该投资账面价值之间的差额确认为投资
收益。
  如本公司因持有意图或能力发生改变，使某项投资不再适合作为持有至到期投资，则将其重
分类为可供出售金融资产，并以公允价值进行后续计量。重分类日，该投资的账面价值与公允价
值之间的差额计入所有者权益，在该可供出售金融资产发生减值或终止确认时转出，计入当期损
益。
  （3）可供出售金融资产
     指初始确认时即被指定为可供出售的非衍生金融资产，即本公司没有划分为以公允价值计量
且其变动计入当期损益的金融资产、持有至到期投资、贷款和应收款项的金融资产。
     本公司可供出售金融资产按取得时的公允价值和相关交易费用之和作为初始确认金额。支付
的价款中包含已到付息期但尚未领取的债券利息或已宣告但尚未发放的现金股利，单独确认为应
收项目。本公司可供出售金融资产持有期间取得的利息或现金股利，确认为投资收益。资产负债
表日，可供出售金融资产按公允价值计量，其公允价值变动计入“资本公积－其他资本公积”。
     处置可供出售金融资产时，将取得的价款和该金融资产的账面价值之间的差额，计入投资收
益，同时，将原直接计入所有者权益的公允价值变动累计额对应处置部分的金额转出，计入投资
收益。
     （4）以公允价值计量且其变动计入当期损益的金融负债
     指交易性金融负债和直接指定为以公允价值计量且其变动计入当期损益的金融负债，具体包


                       第 71 页
                                     2010 年年度报告

括：1）为了近期内回购而承担的金融负债；2）本公司基于风险管理、战略投资需要等，直接指
定为以公允价值计量且其变动计入当期损益的金融负债；3）不作为有效套期工具的衍生工具。
  本公司持有该类金融负债按公允价值计价，不扣除将来结清金融负债时可能发生的交易费用。
如不适合按公允价值计量时，本公司将该类金融负债改按摊余成本计量。
  （5）其他金融负债
  本公司的其他金融负债是指除以公允价值计量且其变动计入当期损益的金融负债以外的金融
负债。主要包括企业发行的债券、因购买商品产生的应付账款、长期应付款等。其他金融负债按
其公允价值和相关交易费用之和作为初始确认金额。采用摊余成本进行后续计量。
  本公司拥有的其他不属于以公允价值计量且其变动计入当期损益的金融负债的财务担保合同
等，按其公允价值和相关交易费用之和作为初始确认金额。在初始计量后按照下列两项金额之中
的较高者进行后续计量：
  1）按照《企业会计准则第 13 号——或有事项》确定的金额；
  2）初始确认金额扣除按照《企业会计准则第 14 号——收入》的原则确定的累计摊销额后的
余额。

  2. 金融资产转移的确认依据和计量方法

  本公司的金融资产转移，包括下列两种情形：
  （1）将收取金融资产现金流量的权利转移给另一方；
  （2）将金融资产转移给另一方，但保留收取金融资产现金流量的权利，并承担将收取的现金
流量支付给最终收款方的义务，同时满足下列条件：
  A．从该金融资产收到对等的现金流量时，才有义务将其支付给最终收款方。企业发生短期
垫付款，但有权全额收回该垫付款并按照市场上同期银行贷款利率计收利息的，视同满足本条件。
  B．根据合同约定，不能出售该金融资产或作为担保物，但可以将其作为对最终收款方支付
现金流量的保证。
  C．有义务将收取的现金流量及时支付给最终收款方。企业无权将该现金流量进行再投资，
但按照合同约定在相邻两次支付间隔期内将所收到的现金流量进行现金或现金等价物投资的除
外。企业按照合同约定进行再投资的，应当将投资收益按照合同约定支付给最终收款方。
  已将金融资产所有权上几乎所有的风险和报酬转移给转入方的，终止确认该金融资产；保留
了金融资产所有权上几乎所有的风险和报酬的，不终止确认该金融资产。
  既没有转移也没有保留金融资产所有权上几乎所有的风险和报酬的，分别下列情况处理：
  （1）放弃了对该金融资产控制的，终止确认该金融资产。
  （2）未放弃对该金融资产控制的，按照其继续涉入所转移金融资产的程度确认有关金融资产，
并相应确认有关负债。

  3. 金融负债终止确认条件


                        第 72 页
                                        2010 年年度报告

  金融负债的现时义务全部或部分已经解除的，终止确认该金融负债或其一部分。金融负债全
部或部分终止确认的，将终止确认部分的账面价值与支付的对价（包括转出的非现金资产或承担
的新金融负债）之间的差额，计入当期损益。

  4. 金融工具的公允价值确定方法

  存在活跃市场的金融工具，以活跃市场中的报价确定其公允价值。不存在活跃市场的金融工
具，采用估值技术确定其公允价值。估值技术包括参考熟悉情况并自愿交易的各方最近进行的市
场交易中使用的价格、参照实质上相同的其他金融资产的当前公允价值、现金流量折现法等。采
用估值技术时，尽可能最大程度使用市场参数，减少使用与本公司及其子公司特定相关的参数。

  5. 金融资产减值测试方法、减值准备计提方法

  资产负债表日，本公司对以公允价值计量且其变动计入当期损益的金融资产以外的金融资产
的账面价值进行检查。
  对于持有至到期投资，有客观证据表明其发生了减值的，根据其账面价值与预计未来现金流
量现值之间差额计算确认减值损失；计提后如有证据表明其价值已恢复，原确认的减值损失可予
以转回，记入当期损益，但该转回的账面价值不超过假定不计提减值准备情况下该金融资产在转
回日的摊余成本。
  对于可供出售金融资产，如果其公允价值出现持续大幅度下降，且预期该下降为非暂时性的，
则根据其初始投资成本扣除已收回本金和已摊销金额及当期公允价值后的差额计算确认减值损
失；在计提减值损失时将原直接计入所有者权益的公允价值下降形成的累计损失一并转出，计入
“资产减值损失”。

  （十） 应收款项

  本公司应收款项（包括应收账款和其他应收款等）按合同或协议价款作为初始入账金额。凡
因债务人破产，依照法律清偿程序清偿后仍无法收回；或因债务人死亡，既无遗产可供清偿，又
无义务承担人，确实无法收回；或因债务人逾期未能履行偿债义务，经法定程序审核批准，该等
应收账款列为坏账损失。

  本公司以应收债权向银行等金融机构转让、质押或贴现等方式融资时，根据相关合同的约定，
当债务人到期未偿还该项债务时，若本公司负有向金融机构还款的责任，则该应收债权作为质押
贷款处理；若本公司没有向金融机构还款的责任，则该应收债权作为转让处理，并确认债权的转
让损益。
  本公司收回应收款项时，将取得的价款和应收款项账面价值之间的差额计入当期损益。

  1. 单项金额重大并单项计提坏账准备的应收款项

  本公司将单项金额超过 1,000.00 万元的应收账款，确定为单项金额重大的应收款项。
  在资产负债表日，本公司对单项金额重大的应收款项单独进行减值测试，经测试发生了减值


                      第 73 页
                                       2010 年年度报告

的，按其未来现金流量现值低于其账面价值的差额，确定减值损失，计提坏账准备；对单项测试
未减值的应收款项，汇同对单项金额非重大的应收款项，按类似的信用风险特征划分为若干组合，
再按这些应收款项组合在资产负债表日余额的一定比例计算确定减值损失，计提坏账准备。

  2. 按组合计提坏账准备的应收款项

  本公司将应收款项按款项性质分为信用风险组合，对信用风险组合采用账龄分析法计提坏账
准备。
  组合中，采用账龄分析法计提坏账准备，计提比例如下：

        账龄       应收账款计提比例（%）     其他应收款计提比例（%）
1 年以内（含 1 年）           0.3             0.3
1-2 年                    5               5
2-3 年                   20             20
3-4 年                   50             50
4-5 年                   80             80
5 年以上                  100             100


  3. 单项金额虽不重大但单项计提坏账准备的应收账款

  单项金额为 1,000.00 万元以下，如有迹象表明某项应收款项的可收回性与该账龄段其他应收
款项存在明显差别，导致该项应收款项如果按照既定比例计提坏账准备，无法真实反映其可收回
金额的，采用个别认定法计提坏账准备。

  （十一） 存货

  1. 存货的分类

  存货是指本公司在日常活动中持有在生产过程或提供劳务过程中耗用的材料和物料等。主要
包括原材料、周转材料、备品备件、包装物、低值易耗品、库存商品等。

  2. 发出存货的计价方法

  存货在取得时，按成本进行初始计量，包括采购成本、加工成本和其他成本。存货发出时，
采用加权平均法、个别计价法确定发出存货的实际成本。

  3. 存货可变现净值的确定依据及存货跌价准备的计提方法

  资产负债表日，存货按照成本与可变现净值孰低计量。年末，在对存货进行全面盘点的基础
上，对于存货因被淘汰、全部或部分陈旧过时或销售价格低于成本等原因导致成本高于可变现净
值的部分，以及承揽工程预计存在的亏损部分，提取存货跌价准备。存货跌价准备按单个存货项
目的成本高于其可变现净值的差额提取。

  4. 存货的盘存制度



                      第 74 页
