                      2014 年年度报告




                   第十节       财务报告
一、审计报告
                                         大华审字[2015]003504号


中国长江电力股份有限公司全体股东：
  我们审计了后附的中国长江电力股份有限公司(以下简称长江电力)财务报表，包括 2014 年
12 月 31 日的合并及母公司资产负债表，2014 年度的合并及母公司利润表、合并及母公司现金流
量表、合并及母公司股东权益变动表，以及财务报表附注。
  一、管理层对财务报表的责任
  编制和公允列报财务报表是长江电力管理层的责任，这种责任包括：（1）按照企业会计准则
的规定编制财务报表，并使其实现公允反映；（2）设计、执行和维护必要的内部控制，以使财务
报表不存在由于舞弊或错误导致的重大错报。
  二、注册会计师的责任
  我们的责任是在执行审计工作的基础上对财务报表发表审计意见。我们按照中国注册会计师
审计准则的规定执行了审计工作。中国注册会计师审计准则要求我们遵守职业道德守则，计划和
执行审计工作以对财务报表是否不存在重大错报获取合理保证。
  审计工作涉及实施审计程序，以获取有关财务报表金额和披露的审计证据。选择的审计程序
取决于注册会计师的判断，包括对由于舞弊或错误导致的财务报表重大错报风险的评估。在进行
风险评估时，注册会计师考虑与财务报表编制和公允列报相关的内部控制，以设计恰当的审计程
序。审计工作还包括评价管理层选用会计政策的恰当性和作出会计估计的合理性，以及评价财务
报表的总体列报。
  我们相信，我们获取的审计证据是充分、适当的，为发表审计意见提供了基础。
  三、审计意见
  我们认为，长江电力的财务报表在所有重大方面按照企业会计准则的规定编制，公允反映了
长江电力 2014 年 12 月 31 日的合并及母公司财务状况以及 2014 年度的合并及母公司经营成果
和现金流量。

   大华会计师事务所(特殊普通合伙)                 中国注册会计师：郝丽江

                                    中国注册会计师：杨   倩
           中国·北京
                                    二〇一五年四月二十八日




                         50 / 149
                             2014 年年度报告


二、财务报表
                   合并资产负债表
                  2014 年 12 月 31 日
编制单位: 中国长江电力股份有限公司                                单位:元 币种:人民币
         项目         附注六           期末余额                期初余额
流动资产：
 货币资金                  1         3,113,736,735.76     2,263,824,278.48
 结算备付金
 拆出资金
 以公允价值计量且其变动计入当期
损益的金融资产
 衍生金融资产
 应收票据                  2           110,470,000.00       161,231,470.00
 应收账款                  3         1,816,250,436.40     1,406,423,880.07
 预付款项                  4             9,113,703.48        19,007,190.34
 应收保费
 应收分保账款
 应收分保合同准备金
 应收利息
 应收股利                  5                                129,122,721.36
 其他应收款                 6           377,995,765.55       627,677,594.49
 买入返售金融资产
 存货                    7           427,754,155.45       450,957,055.50
 划分为持有待售的资产
 一年内到期的非流动资产
 其他流动资产
  流动资产合计                         5,855,320,796.64     5,058,244,190.24
非流动资产：
 发放贷款及垫款
 可供出售金融资产              8         6,729,313,639.98     5,464,813,171.64
 持有至到期投资
 长期应收款
 长期股权投资                9         9,690,927,914.42     8,770,020,385.16
 投资性房地产               10            48,662,294.60        50,097,805.28
 固定资产                 11       124,098,129,252.76   129,672,188,862.06
 在建工程                 12           394,459,360.82       330,504,124.98
 工程物资
 固定资产清理
 生产性生物资产
 油气资产
 无形资产                 13            38,703,683.51        51,214,876.40
 开发支出
 商誉
 长期待摊费用
 递延所得税资产              14            55,377,221.75        66,813,159.18
 其他非流动资产              15            83,226,444.00       143,300,698.80
  非流动资产合计                      141,138,799,811.84   144,548,953,083.50
    资产总计                       146,994,120,608.48   149,607,197,273.74

                                51 / 149
                   2014 年年度报告


流动负债：
 短期借款               16                              27,000,000,000.00
 向中央银行借款
 吸收存款及同业存放
 拆入资金
 以公允价值计量且其变动计入当期
损益的金融负债
 衍生金融负债
 应付票据               17            104,206,262.05       56,380,493.63
 应付账款               18            154,233,615.34      222,389,019.36
 预收款项               19             98,063,452.09       72,155,058.13
 卖出回购金融资产款
 应付手续费及佣金
 应付职工薪酬             20              62,971,702.17      57,011,800.28
 应交税费               21           1,503,119,243.71     859,691,546.83
 应付利息               22             510,917,790.32     581,363,186.28
 应付股利
 其他应付款              23            756,473,245.79      616,314,701.01
 应付分保账款
 保险合同准备金
 代理买卖证券款
 代理承销证券款
 划分为持有待售的负债
 一年内到期的非流动负债        24          11,700,873,312.12      339,021,859.29
 其他流动负债             25           5,989,315,068.48    8,984,427,397.24
  流动负债合计                        20,880,173,692.07   38,788,755,062.05
非流动负债：
 长期借款               26          20,519,189,122.85   13,346,992,263.28
 应付债券               27          18,423,462,421.01   18,408,544,623.68
 其中：优先股
     永续债
 长期应付款
 长期应付职工薪酬
 专项应付款
 预计负债
 递延收益
 递延所得税负债            14           1,034,801,359.70     881,669,173.50
 其他非流动负债
  非流动负债合计                       39,977,452,903.56   32,637,206,060.46
    负债合计                        60,857,626,595.63   71,425,961,122.51
所有者权益
 股本                 28          16,500,000,000.00   16,500,000,000.00
 其他权益工具
 其中：优先股
     永续债
 资本公积               29          27,816,521,305.26   27,822,309,079.34
 减：库存股
 其他综合收益             30           3,511,250,475.02    2,753,387,436.78

                     52 / 149
                 2014 年年度报告


 专项储备             31
 盈余公积             32           13,578,390,377.98    11,172,521,550.18
 一般风险准备
 未分配利润            33           24,728,003,586.16    19,930,816,677.65
 归属于母公司所有者权益合计                 86,134,165,744.42    78,179,034,743.95
 少数股东权益                             2,328,268.43         2,201,407.28
  所有者权益合计                      86,136,494,012.85    78,181,236,151.23
   负债和所有者权益总计                 146,994,120,608.48   149,607,197,273.74

法定代表人：卢纯      主管会计工作负责人：白勇                     会计机构负责人：李绍平




                   53 / 149
                  2014 年年度报告


                 母公司资产负债表
                 2014 年 12 月 31 日
编制单位:中国长江电力股份有限公司                                     单位:元    币种:人民币
        项目        附注十六             期末余额                      期初余额
流动资产：
 货币资金                              2,672,304,331.64          1,555,943,160.28
 以公允价值计量且其变动计入当
期损益的金融资产
 衍生金融资产
 应收票据                                110,000,000.00            160,000,000.00
 应收账款               1              1,702,248,495.20          1,277,239,573.13
 预付款项                                  6,435,878.80              5,543,450.82
 应收利息
 应收股利                                                         127,328,201.36
 其他应收款              2               356,824,249.54            604,496,732.92
 存货                                 424,076,916.51            431,413,893.64
 划分为持有待售的资产
 一年内到期的非流动资产
 其他流动资产
  流动资产合计                           5,271,889,871.69          4,161,965,012.15
非流动资产：
 可供出售金融资产                          5,826,322,875.71          5,223,877,436.67
 持有至到期投资
 长期应收款
 长期股权投资             3             11,785,125,889.62       10,263,285,531.60
 投资性房地产
 固定资产                            124,041,157,481.22      129,598,656,664.71
 在建工程                                393,724,684.15          315,338,198.98
 工程物资
 固定资产清理
 生产性生物资产
 油气资产
 无形资产                                 38,703,683.51            51,214,876.40
 开发支出
 商誉
 长期待摊费用
 递延所得税资产                              52,183,476.24           63,566,290.91
 其他非流动资产                              83,226,444.00          143,300,698.80
  非流动资产合计                        142,220,444,534.45      145,659,239,698.07
    资产总计                         147,492,334,406.14      149,821,204,710.22
流动负债：
 短期借款                              1,030,000,000.00       27,890,000,000.00
 以公允价值计量且其变动计入当
期损益的金融负债
 衍生金融负债
 应付票据                               104,206,262.05             56,380,493.63
 应付账款                                77,218,562.99            159,113,848.53
 预收款项

                      54 / 149
                       2014 年年度报告


 应付职工薪酬                                  57,234,033.42      51,887,074.19
 应交税费                                 1,480,154,440.90     811,183,535.16
 应付利息                                   512,595,840.32     582,753,036.28
 应付股利
 其他应付款                                 707,247,628.83      569,810,523.10
 划分为持有待售的负债
 一年内到期的非流动负债                         11,700,873,312.12      339,021,859.29
 其他流动负债                               5,989,315,068.48    8,984,427,397.24
  流动负债合计                             21,658,845,149.11   39,444,577,767.42
非流动负债：
 长期借款                                20,519,189,122.85   13,346,992,263.28
 应付债券                                18,423,462,421.01   18,408,544,623.68
 其中：优先股
     永续债
 长期应付款
 长期应付职工薪酬
 专项应付款
 预计负债
 递延收益
 递延所得税负债                              1,034,801,359.70     881,669,173.50
 其他非流动负债
  非流动负债合计                            39,977,452,903.56   32,637,206,060.46
    负债合计                             61,636,298,052.67   72,081,783,827.88
所有者权益：
 股本                                  16,500,000,000.00   16,500,000,000.00
 其他权益工具
 其中：优先股
     永续债
 资本公积                                28,066,561,187.31   28,072,869,450.97
 减：库存股
 其他综合收益                               3,330,200,446.65    2,609,690,850.87
 专项储备
 盈余公积                      13,543,000,448.65     11,137,131,620.85
 未分配利润                     24,416,274,270.86     19,419,728,959.65
  所有者权益合计                  85,856,036,353.47     77,739,420,882.34
    负债和所有者权益总计            147,492,334,406.14    149,821,204,710.22
法定代表人：卢纯         主管会计工作负责人：白勇                会计机构负责人：李绍平




                          55 / 149
                   2014 年年度报告


                    合并利润表
                  2014 年 1—12 月
                                                   单位:元 币种:人民币
          项目           附注六          本期发生额              上期发生额
一、营业总收入                           26,897,792,646.45  22,697,637,374.02
其中：营业收入                   34      26,897,792,646.45  22,697,637,374.02
    利息收入
    已赚保费
    手续费及佣金收入
二、营业总成本                           14,414,802,011.57   14,356,302,488.14
其中：营业成本                   34       9,925,854,761.80    9,534,640,937.56
    利息支出
    手续费及佣金支出
    退保金
    赔付支出净额
    提取保险合同准备金净额
    保单红利支出
    分保费用
    营业税金及附加               35         501,123,970.62      403,232,176.21
    销售费用                  36           7,480,819.44        7,357,565.45
    管理费用                  37         534,126,074.66      542,481,061.64
    财务费用                  38       3,404,472,516.95    3,787,181,195.38
    资产减值损失                40          41,743,868.10       81,409,551.90
 加：公允价值变动收益（损失以“－”号填      39
                                                              -1,600.00
列）
    投资收益（损失以“－”号填列）       41       1,065,876,003.69    1,283,853,510.03
    其中：对联营企业和合营企业的投资
                                    723,546,184.88      846,060,945.11
收益
    汇兑收益（损失以“－”号填列）
三、营业利润（亏损以“－”号填列）                 13,548,866,638.57    9,625,186,795.91
 加：营业外收入                  42       1,899,668,669.51    2,060,305,907.66
    其中：非流动资产处置利得                      15,680,218.64        2,017,636.49
 减：营业外支出                  43          41,999,684.26       33,052,301.17
    其中：非流动资产处置损失                      36,129,354.49       23,797,578.98
四、利润总额（亏损总额以“－”号填列）               15,406,535,623.82   11,652,440,402.40
 减：所得税费用                  44       3,576,319,778.68    2,658,836,489.50
五、净利润（净亏损以“－”号填列）                 11,830,215,845.14    8,993,603,912.90
 归属于母公司所有者的净利润                    11,829,985,736.31    8,993,112,280.66
 少数股东损益                                  230,108.83          491,632.24
六、其他综合收益的税后净额                        757,863,038.24     -296,325,969.97
 归属母公司所有者的其他综合收益的税
                                    757,863,038.24      -296,325,969.97
后净额
   （一）以后不能重分类进损益的其他综
合收益
    1.重新计量设定受益计划净负债或
净资产的变动
    2.权益法下在被投资单位不能重分
类进损益的其他综合收益中享有的份额


                       56 / 149
                         2014 年年度报告


  （二）以后将重分类进损益的其他综合
                                       757,863,038.24   -296,325,969.97
收益
   1.权益法下在被投资单位以后将重
                              214,553,429.85    21,716,560.29
分类进损益的其他综合收益中享有的份额
   2.可供出售金融资产公允价值变动
                              547,004,240.24  -313,807,287.40
损益
   3.持有至到期投资重分类为可供出
售金融资产损益
   4.现金流量套期损益的有效部分
   5.外币财务报表折算差额                -3,694,631.85    -4,235,242.86
   6.其他
 归属于少数股东的其他综合收益的税后
净额
七、综合收益总额                   12,588,078,883.38 8,697,277,942.93
 归属于母公司所有者的综合收益总额          12,587,848,774.55 8,696,786,310.69
 归属于少数股东的综合收益总额                   230,108.83       491,632.24
八、每股收益：
 （一）基本每股收益(元/股)                       0.7170           0.5450
 （二）稀释每股收益(元/股)                       0.7170           0.5450
法定代表人：卢纯        主管会计工作负责人：白勇             会计机构负责人：李绍平




                            57 / 149
                           2014 年年度报告


                           母公司利润表
                          2014 年 1—12 月
                                                  单位:元   币种:人民币
                              附注十
            项目                            本期发生额      上期发生额
                               五
一、营业收入                         4
                             26,014,849,985.54 21,922,981,451.95
  减：营业成本                       4
                              9,236,504,104.59  8,926,915,687.31
      营业税金及附加                   450,316,894.11    355,312,100.30
      销售费用                        2,869,117.30      3,283,835.67
      管理费用                      489,601,366.70    489,894,438.86
      财务费用                    3,462,701,263.94  3,824,545,938.96
      资产减值损失                     40,583,295.01     80,601,862.30
  加：公允价值变动收益（损失以“－”号填
列）
      投资收益（损失以“－”号填列）    5    1,381,912,439.57  1,239,076,869.20
      其中：对联营企业和合营企业的投资
                                673,092,221.00    786,431,998.72
收益
二、营业利润（亏损以“－”号填列）            13,714,186,383.46  9,481,504,457.75
  加：营业外收入                     1,895,160,049.41  2,054,074,173.65
      其中：非流动资产处置利得               13,832,549.96
  减：营业外支出                        41,603,099.84     32,778,372.56
      其中：非流动资产处置损失               36,059,101.64     23,589,903.62
三、利润总额（亏损总额以“－”号填列）          15,567,743,333.03 11,502,800,258.84
   减：所得税费用                    3,538,399,194.02  2,605,014,293.89
四、净利润（净亏损以“－”号填列）            12,029,344,139.01  8,897,785,964.95
五、其他综合收益的税后净额                   720,509,595.78   -382,985,299.99
  （一）以后不能重分类进损益的其他综合
收益
    1.重新计量设定受益计划净负债或净
资产的变动
   2.权益法下在被投资单位不能重分类进
损益的其他综合收益中享有的份额
  （二）以后将重分类进损益的其他综合收
                                720,509,595.78   -382,985,299.99
益
    1.权益法下在被投资单位以后将重分
                                720,509,595.78   -382,985,299.99
类进损益的其他综合收益中享有的份额
    2.可供出售金融资产公允价值变动损
益
    3.持有至到期投资重分类为可供出售
金融资产损益
    4.现金流量套期损益的有效部分
    5.外币财务报表折算差额
    6.其他
六、综合收益总额                     12,749,853,734.79  8,514,800,664.96
七、每股收益：
   （一）基本每股收益(元/股)
   （二）稀释每股收益(元/股)
法定代表人：卢纯          主管会计工作负责人：白勇            会计机构负责人：李绍平


                              58 / 149
                   2014 年年度报告


                   合并现金流量表
                   2014 年 1—12 月
                                                单位：元 币种：人民币
       项目          附注六           本期发生额              上期发生额
一、经营活动产生的现金流量：
 销售商品、提供劳务收到的现金                  30,934,580,303.26   26,507,219,988.82
 客户存款和同业存放款项净增加额
 向中央银行借款净增加额
 向其他金融机构拆入资金净增加额
 收到原保险合同保费取得的现金
 收到再保险业务现金净额
 保户储金及投资款净增加额
 处置以公允价值计量且其变动计入
当期损益的金融资产净增加额
 收取利息、手续费及佣金的现金
 拆入资金净增加额
 回购业务资金净增加额
 收到的税费返还                          1,880,688,022.24    1,995,021,463.32
 收到其他与经营活动有关的现金      46             270,001,860.32      499,425,988.29
  经营活动现金流入小计                     33,085,270,185.82   29,001,667,440.43
 购买商品、接受劳务支付的现金                   2,391,783,453.94    2,119,793,239.23
 客户贷款及垫款净增加额
 存放中央银行和同业款项净增加额
 支付原保险合同赔付款项的现金
 支付利息、手续费及佣金的现金
 支付保单红利的现金
 支付给职工以及为职工支付的现金                  1,540,726,214.27    1,388,183,797.04
 支付的各项税费                          7,703,356,459.13    7,209,874,090.28
 支付其他与经营活动有关的现金      46             150,510,889.07      192,397,380.05
  经营活动现金流出小计                     11,786,377,016.41   10,910,248,506.60
   经营活动产生的现金流量净额                 21,298,893,169.41   18,091,418,933.83
二、投资活动产生的现金流量：
 收回投资收到的现金                         196,186,023.45     1,900,691,454.82
 取得投资收益收到的现金                       594,431,347.24       436,987,188.14
 处置固定资产、无形资产和其他长
                                    47,722,831.15       11,991,743.16
期资产收回的现金净额
 处置子公司及其他营业单位收到的
                                    31,272,726.85
现金净额
 收到其他与投资活动有关的现金
  投资活动现金流入小计                       869,612,928.69     2,349,670,386.12
 购建固定资产、无形资产和其他长
                                   850,315,890.42      770,802,292.77
期资产支付的现金
 投资支付的现金                           848,055,828.96     1,019,862,620.00
 质押贷款净增加额
 取得子公司及其他营业单位支付的
现金净额
 支付其他与投资活动有关的现金      46                                  15,117,071.97
  投资活动现金流出小计                      1,698,371,719.38    1,805,781,984.74


                      59 / 149
                          2014 年年度报告


    投资活动产生的现金流量净额           -828,758,790.69      543,888,401.38
三、筹资活动产生的现金流量：
 吸收投资收到的现金
 其中：子公司吸收少数股东投资收
到的现金
 取得借款收到的现金                39,250,000,000.00   28,400,000,000.00
 发行债券收到的现金
 收到其他与筹资活动有关的现金
   筹资活动现金流入小计             39,250,000,000.00   28,400,000,000.00
 偿还债务支付的现金                50,722,383,282.37   36,853,423,435.43
 分配股利、利润或偿付利息支付的
                           8,086,775,886.27    9,407,190,510.15
现金
 其中：子公司支付给少数股东的股
                                 103,247.68           97,402.65
利、利润
 支付其他与筹资活动有关的现金               55,363,631.40       58,706,192.75
   筹资活动现金流出小计             58,864,522,800.04   46,319,320,138.33
    筹资活动产生的现金流量净额        -19,614,522,800.04  -17,919,320,138.33
四、汇率变动对现金及现金等价物的
                              -5,699,121.40         -326,970.67
影响
五、现金及现金等价物净增加额               849,912,457.28      715,660,226.21
 加：期初现金及现金等价物余额            2,263,824,278.48    1,548,164,052.27
六、期末现金及现金等价物余额             3,113,736,735.76    2,263,824,278.48
法定代表人：卢纯       主管会计工作负责人：白勇              会计机构负责人：李绍平




                             60 / 149
                     2014 年年度报告


                    母公司现金流量表
                    2014 年 1—12 月
                                                         单位:元 币种:人民币
       项目           附注              本期发生额                   上期发生额
                    十六
一、经营活动产生的现金流量：
 销售商品、提供劳务收到的现金                     29,987,244,062.06      25,723,400,644.48
 收到的税费返还                             1,880,688,022.24       1,995,021,463.32
 收到其他与经营活动有关的现金                        271,408,832.21         480,270,591.44
   经营活动现金流入小计                       32,139,340,916.51      28,198,692,699.24
 购买商品、接受劳务支付的现金                      2,161,377,558.29       1,934,950,160.37
 支付给职工以及为职工支付的现金                     1,073,959,981.66         943,411,899.89
 支付的各项税费                             7,583,653,748.97       7,118,519,049.00
 支付其他与经营活动有关的现金                        156,798,861.80         194,158,601.46
   经营活动现金流出小计                       10,975,790,150.72      10,191,039,710.72
 经营活动产生的现金流量净额                      21,163,550,765.79      18,007,652,988.52
二、投资活动产生的现金流量：
 收回投资收到的现金                              99,195,712.94       1,242,622,226.34
 取得投资收益收到的现金                           917,420,589.05         455,950,997.69
 处置固定资产、无形资产和其他长
                                        45,398,749.19         12,376,988.35
期资产收回的现金净额
 处置子公司及其他营业单位收到的
                                        96,600,026.97        133,401,995.52
现金净额
 收到其他与投资活动有关的现金
   投资活动现金流入小计                        1,158,615,078.15       1,844,352,207.90
 购建固定资产、无形资产和其他长
                                       838,657,082.70        739,245,418.22
期资产支付的现金
 投资支付的现金                               839,462,137.52       1,000,100,120.00
 取得子公司及其他营业单位支付的
现金净额
 支付其他与投资活动有关的现金
   投资活动现金流出小计                        1,678,119,220.22       1,739,345,538.22
    投资活动产生的现金流量净额                     -519,504,142.07         105,006,669.68
三、筹资活动产生的现金流量：
 吸收投资收到的现金
 取得借款收到的现金                          40,610,000,000.00      29,290,000,000.00
 收到其他与筹资活动有关的现金
   筹资活动现金流入小计                       40,610,000,000.00      29,290,000,000.00
 偿还债务支付的现金                          51,942,383,282.37      37,406,423,435.43
 分配股利、利润或偿付利息支付的
                                     8,139,938,538.59       9,438,451,152.50
现金
 支付其他与筹资活动有关的现金                          55,363,631.40         58,706,192.75
   筹资活动现金流出小计                        60,137,685,452.36     46,903,580,780.68
    筹资活动产生的现金流量净额                   -19,527,685,452.36    -17,613,580,780.68
四、汇率变动对现金及现金等价物的
影响
五、现金及现金等价物净增加额                       1,116,361,171.36         499,078,877.52
 加：期初现金及现金等价物余额                      1,555,943,160.28       1,056,864,282.76


                         61 / 149
                         2014 年年度报告


六、期末现金及现金等价物余额           2,672,304,331.64   1,555,943,160.28
法定代表人：卢纯      主管会计工作负责人：白勇              会计机构负责人：李绍平




                           62 / 149
                                                                  2014 年年度报告




                                                             合并所有者权益变动表
                                                              2014 年 1—12 月
                                                                                                                             单位:元         币种:人民币
                                                                                        本期

     项目                                                              归属于母公司所有者权益                                           少数股东权
                                                                                                                                           所有者权益合计
                                                                                                                             益
                     股本                资本公积             其他综合收益              专项储备      盈余公积              未分配利润
一、上年期末余额        16,500,000,000.00   27,822,309,079.34   2,753,387,436.78           11,172,521,550.18   19,930,816,677.65   2,201,407.28    78,181,236,151.23
加：会计政策变更
   前期差错更正
   同一控制下企业合并
   其他
二、本年期初余额        16,500,000,000.00   27,822,309,079.34   2,753,387,436.78           11,172,521,550.18   19,930,816,677.65   2,201,407.28    78,181,236,151.23
三、本期增减变动金额（减
                                        -5,787,774.08    757,863,038.24             2,405,868,827.80    4,797,186,908.51    126,861.15      7,955,257,861.62
少以“－”号填列）
（一）综合收益总额                                                757,863,038.24                                11,829,985,736.31    230,108.83     12,588,078,883.38
（二）所有者投入和减少资
                                          -329,656.28                                                                                            -329,656.28
本
1．股东投入的普通股
2．其他权益工具持有者投入
资本
3．股份支付计入所有者权益
的金额
4．其他                                      -329,656.28                                                                                            -329,656.28
（三）利润分配                                                                             2,405,868,827.80   -7,032,798,827.80   -103,247.68     -4,627,033,247.68
1．提取盈余公积                                                                            2,405,868,827.80   -2,405,868,827.80
2．提取一般风险准备
3．对所有者（或股东）的分
                                                                                                       -4,626,930,000.00   -103,247.68     -4,627,033,247.68
配
4．其他
（四）所有者权益内部结转
1．资本公积转增资本（或股
本）
2．盈余公积转增资本（或股

                                                                       63 / 149
                                                                  2014 年年度报告




本）
3．盈余公积弥补亏损
4．其他
（五）专项储备
1．本期提取                                                                      3,053,897.57                                                                3,053,897.57
2．本期使用                                                                      3,053,897.57                                                                3,053,897.57
（六）其他                                   -5,458,117.80                                                                                                  -5,458,117.80
四、本期期末余额        16,500,000,000.00   27,816,521,305.26   3,511,250,475.02                   13,578,390,377.98   24,728,003,586.16   2,328,268.43    86,136,494,012.85



                                                                                                上期

     项目                                                              归属于母公司所有者权益                                                   少数股东权
                                                                                                                                                   所有者权益合计
                                                                                                                                     益
                     股本                资本公积             其他综合收益              专项储备              盈余公积              未分配利润
一、上年期末余额        16,500,000,000.00   31,110,419,337.96      -9,333,931.36                    9,353,846,555.40   17,924,865,710.27   7,467,169.32    74,887,264,841.59
加：会计政策变更                            -3,361,466,019.61   3,059,047,338.11                       39,117,801.78      263,300,879.72
   前期差错更正
   同一控制下企业合并
   其他
二、本年期初余额        16,500,000,000.00   27,748,953,318.35   3,049,713,406.75                    9,392,964,357.18   18,188,166,589.99   7,467,169.32    74,887,264,841.59
三、本期增减变动金额（减
                                       73,355,760.99    -296,325,969.97                     1,779,557,193.00    1,742,650,087.66   -5,265,762.04    3,293,971,309.64
少以“－”号填列）
（一）综合收益总额                                               -296,325,969.97                                         8,993,112,280.66     491,632.24     8,697,277,942.93
（二）所有者投入和减少资
                                       15,305,584.85                                                                               -5,659,991.63        9,645,593.22
本
1．股东投入的普通股
2．其他权益工具持有者投入
资本
3．股份支付计入所有者权益
的金额
4．其他                                   15,305,584.85                                                                               -5,659,991.63        9,645,593.22
（三）利润分配                                                                                     1,779,557,193.00   -7,250,462,193.00      -97,402.65   -5,471,002,402.65
1．提取盈余公积                                                                                    1,779,557,193.00   -1,779,557,193.00
2．提取一般风险准备
3．对所有者（或股东）的分                                                                                                  -5,470,905,000.00     -97,402.65    -5,471,002,402.65

                                                                       64 / 149
                                                                  2014 年年度报告




配
4．其他
（四）所有者权益内部结转
1．资本公积转增资本（或股
本）
2．盈余公积转增资本（或股
本）
3．盈余公积弥补亏损
4．其他
（五）专项储备
1．本期提取                                                                      2,462,265.15                                                               2,462,265.15
2．本期使用                                                                      2,462,265.15                                                               2,462,265.15
（六）其他                                   58,050,176.14                                                                                                 58,050,176.14
四、本期期末余额        16,500,000,000.00   27,822,309,079.34   2,753,387,436.78                   11,172,521,550.18   19,930,816,677.65   2,201,407.28   78,181,236,151.23


  法定代表人：卢纯                                              主管会计工作负责人：白勇                                                           会计机构负责人：李绍平




                                                                       65 / 149
                                                           2014 年年度报告




                                                        母公司所有者权益变动表
                                                          2014 年 1—12 月
                                                                                                             单位:元        币种:人民币
                                                                              本期
     项目
                   股本                资本公积                 其他综合收益              专项储备     盈余公积               未分配利润              所有者权益合计
一、上年期末余额        16,500,000,000.00   28,072,869,450.97      2,609,690,850.87          11,137,131,620.85   19,419,728,959.65   77,739,420,882.34
加：会计政策变更
   前期差错更正
   其他
二、本年期初余额        16,500,000,000.00   28,072,869,450.97      2,609,690,850.87          11,137,131,620.85   19,419,728,959.65   77,739,420,882.34
三、本期增减变动金额（减
                                        -6,308,263.66       720,509,595.78            2,405,868,827.80    4,996,545,311.21    8,116,615,471.13
少以“－”号填列）
（一）综合收益总额                                                   720,509,595.78                               12,029,344,139.01   12,749,853,734.79
（二）所有者投入和减少资
                                          -329,656.28                                                                              -329,656.28
本
1．股东投入的普通股
2．其他权益工具持有者投入
资本
3．股份支付计入所有者权益
的金额
4．其他                                      -329,656.28                                                                              -329,656.28
（三）利润分配                                                                               2,405,868,827.80   -7,032,798,827.80   -4,626,930,000.00
1．提取盈余公积                                                                              2,405,868,827.80   -2,405,868,827.80
2．对所有者（或股东）的分
                                                                                                         -4,626,930,000.00   -4,626,930,000.00
配
3．其他
（四）所有者权益内部结转
1．资本公积转增资本（或股
本）
2．盈余公积转增资本（或股
本）
3．盈余公积弥补亏损
4．其他
 （五）专项储备
1．本期提取

                                                                66 / 149
