                      2015 年年度报告




                   第十一节 财务报告
一、审计报告
√适用 □不适用
                                          大华审字[2016] 005522号
中国长江电力股份有限公司全体股东：
  我们审计了后附的中国长江电力股份有限公司(以下简称长江电力)财务报表，包括 2015 年
12 月 31 日的合并及母公司资产负债表，2015 年度的合并及母公司利润表、合并及母公司现金流
量表、合并及母公司股东权益变动表，以及财务报表附注。
  一、管理层对财务报表的责任
  编制和公允列报财务报表是长江电力管理层的责任，这种责任包括：（1）按照企业会计准则
的规定编制财务报表，并使其实现公允反映；（2）设计、执行和维护必要的内部控制，以使财务
报表不存在由于舞弊或错误导致的重大错报。
  二、注册会计师的责任
  我们的责任是在执行审计工作的基础上对财务报表发表审计意见。我们按照中国注册会计师
审计准则的规定执行了审计工作。中国注册会计师审计准则要求我们遵守职业道德守则，计划和
执行审计工作以对财务报表是否不存在重大错报获取合理保证。
  审计工作涉及实施审计程序，以获取有关财务报表金额和披露的审计证据。选择的审计程序
取决于注册会计师的判断，包括对由于舞弊或错误导致的财务报表重大错报风险的评估。在进行
风险评估时，注册会计师考虑与财务报表编制和公允列报相关的内部控制，以设计恰当的审计程
序。审计工作还包括评价管理层选用会计政策的恰当性和作出会计估计的合理性，以及评价财务
报表的总体列报。
  我们相信，我们获取的审计证据是充分、适当的，为发表审计意见提供了基础。
  三、审计意见
  我们认为，长江电力的财务报表在所有重大方面按照企业会计准则的规定编制，公允反映了
长江电力 2015 年 12 月 31 日的合并及母公司财务状况以及 2015 年度的合并及母公司经营成果和
现金流量。

    大华会计师事务所(特殊普通合伙)                中国注册会计师：郝丽江




           中国·北京                    中国注册会计师：沈彦波




                                    二〇一六年四月二十八日

                         45 / 157
                        2015 年年度报告




二、财务报表
                   合并资产负债表
                  2015 年 12 月 31 日
编制单位: 中国长江电力股份有限公司
                                                            单位:元 币种:人民币
         项目            附注七                 期末余额                 期初余额
流动资产：
 货币资金                    1               3,855,882,291.20     3,113,736,735.76
 结算备付金
 拆出资金
 以公允价值计量且其变动计入当期         2
                                                99,545.00
损益的金融资产
 衍生金融资产
 应收票据                    4                 109,150,000.00       110,470,000.00
 应收账款                    5               1,648,153,422.24     1,816,250,436.40
 预付款项                    6                   7,000,399.48         9,113,703.48
 应收保费
 应收分保账款
 应收分保合同准备金
 应收利息
 应收股利                    8                  10,224,109.56
 其他应收款                   9                  61,932,323.95      377,995,765.55
 买入返售金融资产
 存货                      10                402,135,272.59      427,754,155.45
 划分为持有待售的资产
 一年内到期的非流动资产
 其他流动资产
  流动资产合计                                 6,094,577,364.02     5,855,320,796.64
非流动资产：
 发放贷款和垫款
 可供出售金融资产                14              5,408,115,118.39     6,729,313,639.98
 持有至到期投资
 长期应收款
 长期股权投资                  17              11,156,927,719.29   9,690,927,914.42
 投资性房地产                  18                  79,149,552.38      48,662,294.60
 固定资产                    19             118,851,865,015.83 124,098,129,252.76
 在建工程                    20                 316,944,250.76     394,459,360.82
 工程物资
 固定资产清理
 生产性生物资产
 油气资产
 无形资产                    25                 66,437,773.87       38,703,683.51
 开发支出
 商誉
 长期待摊费用
 递延所得税资产                 29                 23,878,842.52       55,377,221.75
 其他非流动资产                 30                                     83,226,444.00
                             46 / 157
                   2015 年年度报告


  非流动资产合计                       135,903,318,273.04   141,138,799,811.84
   资产总计                         141,997,895,637.06   146,994,120,608.48
流动负债：
 短期借款
 向中央银行借款
 吸收存款及同业存放
 拆入资金
 以公允价值计量且其变动计入当期
损益的金融负债
 衍生金融负债
 应付票据               33             112,544,771.03       104,206,262.05
 应付账款               35             142,606,536.43       154,233,615.34
 预收款项               36              88,658,056.53        98,063,452.09
 卖出回购金融资产款
 应付手续费及佣金
 应付职工薪酬             37              74,673,333.36         62,971,702.17
 应交税费               38             790,681,443.67      1,503,119,243.71
 应付利息               39             411,684,025.17        510,917,790.32
 应付股利
 其他应付款              41             729,735,291.37       756,473,245.79
 应付分保账款
 保险合同准备金
 代理买卖证券款
 代理承销证券款
 划分为持有待售的负债
 一年内到期的非流动负债        43           13,303,863,545.96    11,700,873,312.12
 其他流动负债             44            2,993,737,704.91     5,989,315,068.48
  流动负债合计                         18,648,184,708.43    20,880,173,692.07
非流动负债：
 长期借款               45           12,745,281,287.59    20,519,189,122.85
 应付债券               46           18,419,337,337.79    18,423,462,421.01
 其中：优先股
    永续债
 长期应付款
 长期应付职工薪酬
 专项应付款
 预计负债
 递延收益
 递延所得税负债            29             829,726,833.75      1,034,801,359.70
 其他非流动负债
  非流动负债合计                        31,994,345,459.13    39,977,452,903.56
   负债合计                          50,642,530,167.56    60,857,626,595.63
所有者权益
 股本                 53           16,500,000,000.00    16,500,000,000.00
 其他权益工具
 其中：优先股
    永续债
 资本公积               55           28,549,171,977.42    27,816,521,305.26
                     47 / 157
                         2015 年年度报告


 减：库存股
 其他综合收益            57     2,702,742,280.40   3,511,250,475.02
 专项储备              58
 盈余公积              59    15,851,697,987.10  13,578,390,377.98
 一般风险准备
 未分配利润             60    27,719,522,393.64  24,728,003,586.16
 归属于母公司所有者权益合计           91,323,134,638.56  86,134,165,744.42
 少数股东权益                      32,230,830.94       2,328,268.43
  所有者权益合计                91,355,365,469.50  86,136,494,012.85
   负债和所有者权益总计           141,997,895,637.06 146,994,120,608.48
法定代表人：卢纯 主管会计工作负责人：谢峰 会计机构负责人：李爱军


                        母公司资产负债表
                        2015 年 12 月 31 日
编制单位:中国长江电力股份有限公司
                                                             单位:元 币种:人民币
          项目             附注十七               期末余额                 期初余额
流动资产：
 货币资金                                     3,200,459,504.66      2,672,304,331.64
 以公允价值计量且其变动计入当期
损益的金融资产
 衍生金融资产
 应收票据                                       109,150,000.00        110,000,000.00
 应收账款                       1             1,491,741,658.28      1,702,248,495.20
 预付款项                                         5,584,719.02          6,435,878.80
 应收利息
 应收股利                                       10,224,109.56
 其他应收款                      2               38,199,052.68        356,824,249.54
 存货                                        394,902,322.76        424,076,916.51
 划分为持有待售的资产
 一年内到期的非流动资产
 其他流动资产
  流动资产合计                                  5,250,261,366.96      5,271,889,871.69
非流动资产：
 可供出售金融资产                                 4,518,967,976.03      5,826,322,875.71
 持有至到期投资
 长期应收款
 长期股权投资                     3            12,928,742,428.44     11,785,125,889.62
 投资性房地产                                      31,922,768.46
 固定资产                                   118,784,035,796.90    124,041,157,481.22
 在建工程                                       315,471,241.09        393,724,684.15
 工程物资
 固定资产清理
 生产性生物资产
 油气资产
 无形资产                                       66,437,773.87         38,703,683.51
 开发支出

                             48 / 157
                   2015 年年度报告


 商誉
 长期待摊费用
 递延所得税资产                            20,438,890.28         52,183,476.24
 其他非流动资产                                                  83,226,444.00
  非流动资产合计                       136,666,016,875.07   142,220,444,534.45
   资产总计                         141,916,278,242.03   147,492,334,406.14
流动负债：
 短期借款                              580,000,000.00      1,030,000,000.00
 以公允价值计量且其变动计入当期
损益的金融负债
 衍生金融负债
 应付票据                              113,307,621.00       104,206,262.05
 应付账款                               76,736,831.44        77,218,562.99
 预收款项                                9,271,340.46
 应付职工薪酬                             66,444,430.88         57,234,033.42
 应交税费                              761,243,882.09      1,480,154,440.90
 应付利息                              412,501,371.00        512,595,840.32
 应付股利
 其他应付款                             682,834,967.65       707,247,628.83
 划分为持有待售的负债
 一年内到期的非流动负债                     13,303,863,545.96    11,700,873,312.12
 其他流动负债                           2,993,737,704.91     5,989,315,068.48
  流动负债合计                         18,999,941,695.39    21,658,845,149.11
非流动负债：
 长期借款                            12,745,281,287.59    20,519,189,122.85
 应付债券                            18,419,337,337.79    18,423,462,421.01
 其中：优先股
    永续债
 长期应付款
 长期应付职工薪酬
 专项应付款
 预计负债
 递延收益
 递延所得税负债                           829,726,833.75      1,034,801,359.70
 其他非流动负债
  非流动负债合计                        31,994,345,459.13    39,977,452,903.56
   负债合计                          50,994,287,154.52    61,636,298,052.67
所有者权益：
 股本                              16,500,000,000.00    16,500,000,000.00
 其他权益工具
 其中：优先股
    永续债
 资本公积                            28,771,079,689.23    28,066,561,187.31
 减：库存股
 其他综合收益                           2,580,248,633.22     3,330,200,446.65
 专项储备
 盈余公积                            15,816,308,057.77    13,543,000,448.65
 未分配利润                           27,254,354,707.29    24,416,274,270.86
                     49 / 157
                       2015 年年度报告


  所有者权益合计                90,921,991,087.51               85,856,036,353.47
   负债和所有者权益总计           141,916,278,242.03              147,492,334,406.14
法定代表人：卢纯 主管会计工作负责人：谢峰 会计机构负责人：李爱军




                        合并利润表
                      2015 年 1—12 月
                                                      单位:元 币种:人民币
        项目         附注七                本期发生额               上期发生额
一、营业总收入                             24,239,072,675.51  26,897,792,646.45
其中：营业收入             61              24,239,072,675.51  26,897,792,646.45
   利息收入
   已赚保费
   手续费及佣金收入
二、营业总成本                             13,555,767,336.39    14,414,802,011.57
其中：营业成本             61               9,798,465,517.46     9,925,854,761.80
   利息支出
   手续费及佣金支出
   退保金
   赔付支出净额
   提取保险合同准备金净额
   保单红利支出
   分保费用
   营业税金及附加          62                 515,858,488.50       501,123,970.62
   销售费用             63                   4,661,225.11         7,480,819.44
   管理费用             64                 512,157,396.87       534,126,074.66
   财务费用             65               2,849,691,296.80     3,404,472,516.95
   资产减值损失           66                -125,066,588.35        41,743,868.10
 加：公允价值变动收益（损失以“－”  67                      77,390.00
号填列）
   投资收益（损失以“－”号填列）  68               2,211,001,759.55     1,065,876,003.69
   其中：对联营企业和合营企业的                    1,033,282,895.34       723,546,184.88
投资收益
   汇兑收益（损失以“－”号填列）
三、营业利润（亏损以“－”号填列）                   12,894,384,488.67    13,548,866,638.57
 加：营业外收入            69               2,049,726,931.85     1,899,668,669.51
   其中：非流动资产处置利得                          1,038,682.41        15,680,218.64
 减：营业外支出            70                  16,555,646.13        41,999,684.26
   其中：非流动资产处置损失                          7,317,074.02        36,129,354.49
四、利润总额（亏损总额以“－”号填                   14,927,555,774.39    15,406,535,623.82
列）
 减：所得税费用            71               3,407,342,181.60     3,576,319,778.68
五、净利润（净亏损以“－”号填列）                   11,520,213,592.79    11,830,215,845.14
 归属于母公司所有者的净利润                      11,519,976,416.61    11,829,985,736.31
 少数股东损益                                    237,176.18           230,108.83
六、其他综合收益的税后净额       57                -808,508,194.62       757,863,038.24
 归属母公司所有者的其他综合收益的                     -808,508,194.62       757,863,038.24

                         50 / 157
                      2015 年年度报告


税后净额
   （一）以后不能重分类进损益的其             -19,312.89
他综合收益
    1.重新计量设定受益计划净负债
或净资产的变动
    2.权益法下在被投资单位不能重            -19,312.89
分类进损益的其他综合收益中享有的份
额
   （二）以后将重分类进损益的其他        -808,488,881.73                 757,863,038.24
综合收益
    1.权益法下在被投资单位以后将        -86,778,113.01                 214,553,429.85
重分类进损益的其他综合收益中享有的
份额
    2.可供出售金融资产公允价值变       -774,213,348.52                 547,004,240.24
动损益
    3.持有至到期投资重分类为可供
出售金融资产损益
    4.现金流量套期损益的有效部分
    5.外币财务报表折算差额            52,502,579.80                  -3,694,631.85
    6.其他
  归属于少数股东的其他综合收益的税
后净额
七、综合收益总额                10,711,705,398.17               12,588,078,883.38
  归属于母公司所有者的综合收益总额      10,711,468,221.99               12,587,848,774.55
  归属于少数股东的综合收益总额               237,176.18                      230,108.83
八、每股收益：
  （一）基本每股收益(元/股)                   0.6982                         0.7170
  （二）稀释每股收益(元/股)                   0.6982                         0.7170
法定代表人：卢纯 主管会计工作负责人：谢峰 会计机构负责人：李爱军


                       母公司利润表
                      2015 年 1—12 月
                                                    单位:元 币种:人民币
        项目         附注十七                本期发生额             上期发生额
一、营业收入               4              23,532,445,499.62 26,014,849,985.54
 减：营业成本              4               9,251,992,192.40  9,236,504,104.59
   营业税金及附加                             470,909,853.24    450,316,894.11
   销售费用                                  3,479,299.61      2,869,117.30
   管理费用                                484,141,082.27    489,601,366.70
   财务费用                              2,892,703,960.20  3,462,701,263.94
   资产减值损失                             -126,752,825.69     40,583,295.01
 加：公允价值变动收益（损失以“－”
号填列）
   投资收益（损失以“－”号填列）   5               2,158,432,295.62    1,381,912,439.57
   其中：对联营企业和合营企业的                      972,465,589.26      673,092,221.00
投资收益
二、营业利润（亏损以“－”号填列）                   12,714,404,233.21   13,714,186,383.46
 加：营业外收入                             2,046,745,344.23    1,895,160,049.41
                         51 / 157
                       2015 年年度报告


      其中：非流动资产处置利得              946,073.89                  13,832,549.96
  减：营业外支出                    14,979,689.91                  41,603,099.84
      其中：非流动资产处置损失            6,662,489.05                  36,059,101.64
三、利润总额（亏损总额以“－”号填        14,746,169,887.53              15,567,743,333.03
列）
   减：所得税费用                3,379,631,841.97               3,538,399,194.02
四、净利润（净亏损以“－”号填列）        11,366,538,045.56              12,029,344,139.01
五、其他综合收益的税后净额              -749,951,813.43                 720,509,595.78
  （一）以后不能重分类进损益的其他              -17,339.02
综合收益
    1.重新计量设定受益计划净负债或            -17,339.02
净资产的变动
   2.权益法下在被投资单位不能重分
类进损益的其他综合收益中享有的份额
  （二）以后将重分类进损益的其他综         -749,934,474.41                720,509,595.78
合收益
    1.权益法下在被投资单位以后将重        -90,497,688.16                216,899,828.77
分类进损益的其他综合收益中享有的份
额
    2.可供出售金融资产公允价值变动       -659,436,786.25                503,609,767.01
损益
    3.持有至到期投资重分类为可供出
售金融资产损益
    4.现金流量套期损益的有效部分
    5.外币财务报表折算差额
    6.其他
六、综合收益总额                 10,616,586,232.13              12,749,853,734.79
七、每股收益：
   （一）基本每股收益(元/股)
   （二）稀释每股收益(元/股)
法定代表人：卢纯 主管会计工作负责人：谢峰 会计机构负责人：李爱军




                      合并现金流量表
                      2015 年 1—12 月
                                                   单位：元 币种：人民币
       项目              附注七            本期发生额            上期发生额
一、经营活动产生的现金流量：
 销售商品、提供劳务收到的现金                     28,286,619,195.24   30,934,580,303.26
 客户存款和同业存放款项净增加额
 向中央银行借款净增加额
 向其他金融机构拆入资金净增加额
 收到原保险合同保费取得的现金
 收到再保险业务现金净额
 保户储金及投资款净增加额
 处置以公允价值计量且其变动计入
当期损益的金融资产净增加额
 收取利息、手续费及佣金的现金
                         52 / 157
                   2015 年年度报告


 拆入资金净增加额
 回购业务资金净增加额
 收到的税费返还                         2,045,261,247.21    1,880,688,022.24
 收到其他与经营活动有关的现金     73              68,395,686.37      270,001,860.32
  经营活动现金流入小计                    30,400,276,128.82   33,085,270,185.82
 购买商品、接受劳务支付的现金                  2,412,339,634.80    2,391,783,453.94
 客户贷款及垫款净增加额
 存放中央银行和同业款项净增加额
 支付原保险合同赔付款项的现金
 支付利息、手续费及佣金的现金
 支付保单红利的现金
 支付给职工以及为职工支付的现金                 1,593,857,002.34    1,540,726,214.27
 支付的各项税费                         8,515,300,599.19    7,703,356,459.13
 支付其他与经营活动有关的现金     73             161,813,997.39      150,510,889.07
  经营活动现金流出小计                    12,683,311,233.72   11,786,377,016.41
   经营活动产生的现金流量净额                17,716,964,895.10   21,298,893,169.41
二、投资活动产生的现金流量：
 收回投资收到的现金                       1,768,460,059.33     196,186,023.45
 取得投资收益收到的现金                       581,746,558.07     594,431,347.24
 处置固定资产、无形资产和其他长                    36,430,790.10      47,722,831.15
期资产收回的现金净额
 处置子公司及其他营业单位收到的                                       31,272,726.85
现金净额
 收到其他与投资活动有关的现金
  投资活动现金流入小计                     2,386,637,407.50     869,612,928.69
 购建固定资产、无形资产和其他长                   460,251,120.66     850,315,890.42
期资产支付的现金
 投资支付的现金                          572,966,621.42      848,055,828.96
 质押贷款净增加额
 取得子公司及其他营业单位支付的
现金净额
 支付其他与投资活动有关的现金
  投资活动现金流出小计                     1,033,217,742.08    1,698,371,719.38
   投资活动产生的现金流量净额                 1,353,419,665.42     -828,758,790.69
三、筹资活动产生的现金流量：
 吸收投资收到的现金                         29,800,000.00
 其中：子公司吸收少数股东投资收                   29,800,000.00
到的现金
 取得借款收到的现金                      15,000,000,000.00   39,250,000,000.00
 发行债券收到的现金
 收到其他与筹资活动有关的现金     73              65,000,000.00
  筹资活动现金流入小计                    15,094,800,000.00   39,250,000,000.00
 偿还债务支付的现金                      24,211,317,823.68   50,722,383,282.37
 分配股利、利润或偿付利息支付的                 9,155,434,508.33    8,086,775,886.27
现金
 其中：子公司支付给少数股东的股                      134,613.67          103,247.68
利、利润
 支付其他与筹资活动有关的现金     73             56,768,167.24       55,363,631.40

                     53 / 157
                       2015 年年度报告


  筹资活动现金流出小计             33,423,520,499.25                 58,864,522,800.04
   筹资活动产生的现金流量净额        -18,328,720,499.25                -19,614,522,800.04
四、汇率变动对现金及现金等价物的                481,494.17                     -5,699,121.40
影响
五、现金及现金等价物净增加额              742,145,555.44                    849,912,457.28
 加：期初现金及现金等价物余额           3,113,736,735.76                  2,263,824,278.48
六、期末现金及现金等价物余额            3,855,882,291.20                  3,113,736,735.76
法定代表人：卢纯 主管会计工作负责人：谢峰 会计机构负责人：李爱军


                      母公司现金流量表
                      2015 年 1—12 月
                                                         单位:元 币种:人民币
       项目              附注              本期发生额                上期发生额
一、经营活动产生的现金流量：
 销售商品、提供劳务收到的现金                      27,634,765,060.04     29,987,244,062.06
 收到的税费返还                              2,045,261,247.21      1,880,688,022.24
 收到其他与经营活动有关的现金                          44,690,942.01        271,408,832.21
  经营活动现金流入小计                         29,724,717,249.26     32,139,340,916.51
 购买商品、接受劳务支付的现金                       2,282,301,367.27      2,161,377,558.29
 支付给职工以及为职工支付的现金                      1,167,947,410.80      1,073,959,981.66
 支付的各项税费                              8,442,715,813.75      7,583,653,748.97
 支付其他与经营活动有关的现金                         118,066,237.21        156,798,861.80
  经营活动现金流出小计                         12,011,030,829.03     10,975,790,150.72
 经营活动产生的现金流量净额                       17,713,686,420.23     21,163,550,765.79
二、投资活动产生的现金流量：
 收回投资收到的现金                            1,594,404,613.57         99,195,712.94
 取得投资收益收到的现金                            583,102,095.89        917,420,589.05
 处置固定资产、无形资产和其他长                         36,247,831.34         45,398,749.19
期资产收回的现金净额
 处置子公司及其他营业单位收到的                                               96,600,026.97
现金净额
 收到其他与投资活动有关的现金
  投资活动现金流入小计                          2,213,754,540.80      1,158,615,078.15
 购建固定资产、无形资产和其他长                        434,532,714.91        838,657,082.70
期资产支付的现金
 投资支付的现金                               116,068,000.00         839,462,137.52
 取得子公司及其他营业单位支付的
现金净额
 支付其他与投资活动有关的现金
  投资活动现金流出小计                            550,600,714.91      1,678,119,220.22
   投资活动产生的现金流量净额                      1,663,153,825.89       -519,504,142.07
三、筹资活动产生的现金流量：
 吸收投资收到的现金
 取得借款收到的现金                           15,885,000,000.00     40,610,000,000.00
 收到其他与筹资活动有关的现金                          65,000,000.00
  筹资活动现金流入小计                         15,950,000,000.00     40,610,000,000.00
 偿还债务支付的现金                           25,546,317,823.68     51,942,383,282.37

                          54 / 157
                       2015 年年度报告


 分配股利、利润或偿付利息支付的          9,195,599,082.18     8,139,938,538.59
现金
 支付其他与筹资活动有关的现金              56,768,167.24        55,363,631.40
  筹资活动现金流出小计             34,798,685,073.10    60,137,685,452.36
   筹资活动产生的现金流量净额        -18,848,685,073.10   -19,527,685,452.36
四、汇率变动对现金及现金等价物的
影响
五、现金及现金等价物净增加额              528,155,173.02     1,116,361,171.36
 加：期初现金及现金等价物余额           2,672,304,331.64     1,555,943,160.28
六、期末现金及现金等价物余额            3,200,459,504.66     2,672,304,331.64
法定代表人：卢纯 主管会计工作负责人：谢峰 会计机构负责人：李爱军




                         55 / 157
                                                                           2015 年年度报告




                                                                      合并所有者权益变动表
                                                                       2015 年 1—12 月
                                                                                                                                        单位:元 币种:人民币
                                                                                                  本期

                                                                            归属于母公司所有者权益

                                  其他权
    项目
                                  益工具                         减：                                                      一般                       少数股东权益          所有者权益合计
                   股本             优 永        资本公积             库存    其他综合收益                 专项储备      盈余公积             风险     未分配利润
                                      其
                                  先 续                         股                                                       准备
                                      他
                                  股 债
一、上年期末余额      16,500,000,000.00           27,816,521,305.26        3,511,250,475.02               13,578,390,377.98        24,728,003,586.16   2,328,268.43    86,136,494,012.85
加：会计政策变更
   前期差错更正
   同一控制下企业
合并
   其他
二、本年期初余额      16,500,000,000.00           27,816,521,305.26        3,511,250,475.02               13,578,390,377.98        24,728,003,586.16   2,328,268.43    86,136,494,012.85
三、本期增减变动金
额（减少以“－”号                                    732,650,672.16        -808,508,194.62                 2,273,307,609.12         2,991,518,807.48   29,902,562.51    5,218,871,456.65
填列）
（一）综合收益总额                                                          -808,508,194.62                                         11,519,976,416.61     237,176.18    10,711,705,398.17
（二）所有者投入和
                                                                                                                                               29,800,000.00       29,800,000.00
减少资本
1．股东投入的普通股                                                                                                                                     29,800,000.00       29,800,000.00
2．其他权益工具持有
者投入资本
3．股份支付计入所有
者权益的金额
4．其他
（三）利润分配                                                                                            2,273,307,609.12        -8,528,457,609.13    -134,613.67    -6,255,284,613.68
1．提取盈余公积                                                                                           2,273,307,609.12        -2,273,307,609.12
2．提取一般风险准备
3．对所有者（或股东）
                                                                                                                           -6,255,150,000.01    -134,613.67    -6,255,284,613.68
的分配
4．其他

                                                                                56 / 157
                                                                          2015 年年度报告




（四）所有者权益内
部结转
1．资本公积转增资本
（或股本）
2．盈余公积转增资本
（或股本）
3．盈余公积弥补亏损
4．其他
（五）专项储备
1．本期提取                                                                               2,669,448.69                                                                     2,669,448.69
2．本期使用                                                                               2,669,448.69                                                                     2,669,448.69
（六）其他                                       732,650,672.16                                                                                                          732,650,672.16
四、本期期末余额     16,500,000,000.00           28,549,171,977.42        2,702,742,280.40                  15,851,697,987.10        27,719,522,393.64   32,230,830.94   91,355,365,469.50


                                                                                                    上期

                                                                           归属于母公司所有者权益

   项目                            其他权
                                 益工具                         减：                                                         一般                       少数股东权益          所有者权益合计
                  股本             优 永        资本公积             库存    其他综合收益                 专项储备         盈余公积             风险     未分配利润
                                     其
                                 先 续                         股                                                          准备
                                     他
                                 股 债
一、上年期末余额     16,500,000,000.00           27,822,309,079.34        2,753,387,436.78                  11,172,521,550.18        19,930,816,677.65   2,201,407.28    78,181,236,151.23
加：会计政策变更
   前期差错更正
   同一控制下企业
合并
   其他
二、本年期初余额     16,500,000,000.00           27,822,309,079.34        2,753,387,436.78                  11,172,521,550.18        19,930,816,677.65   2,201,407.28    78,181,236,151.23
三、本期增减变动金
额（减少以“－”号                                    -5,787,774.08         757,863,038.24                    2,405,868,827.80         4,797,186,908.51     126,861.15     7,955,257,861.62
填列）
（一）综合收益总额                                                          757,863,038.24                                            11,829,985,736.31     230,108.83    12,588,078,883.38
（二）所有者投入和
                                               -329,656.28                                                                                                            -329,656.28
减少资本
1．股东投入的普通股
2．其他权益工具持有
者投入资本
3．股份支付计入所有
                                                                               57 / 157
                                                                           2015 年年度报告




者权益的金额
4．其他                                            -329,656.28                                                                                                               -329,656.28
（三）利润分配                                                                                               2,405,868,827.80          -7,032,798,827.80    -103,247.68    -4,627,033,247.68
1．提取盈余公积                                                                                              2,405,868,827.80          -2,405,868,827.80
2．提取一般风险准备
3．对所有者（或股东）
                                                                                                                                -4,626,930,000.00    -103,247.68    -4,627,033,247.68
的分配
4．其他
（四）所有者权益内
部结转
1．资本公积转增资本
（或股本）
2．盈余公积转增资本
（或股本）
3．盈余公积弥补亏损
4．其他
（五）专项储备
1．本期提取                                                                                3,053,897.57                                                                       3,053,897.57
2．本期使用                                                                                3,053,897.57                                                                       3,053,897.57
（六）其他                                         -5,458,117.80                                                                                                             -5,458,117.80
四、本期期末余额      16,500,000,000.00           27,816,521,305.26        3,511,250,475.02                  13,578,390,377.98          24,728,003,586.16    2,328,268.43   86,136,494,012.85
         法定代表人：卢纯 主管会计工作负责人：谢峰 会计机构负责人：李爱军


                                                                     母公司所有者权益变动表
                                                                       2015 年 1—12 月
                                                                                                                                             单位:元 币种:人民币
                                                                                      本期
                                  其他权
                                  益工具                         减：
    项目
                   股本             优 永        资本公积             库存    其他综合收益                 专项储备         盈余公积               未分配利润                    所有者权益合计
                                      其
                                  先 续                         股
                                      他
                                  股 债
一、上年期末余额      16,500,000,000.00           28,066,561,187.31        3,330,200,446.65                  13,543,000,448.65   24,416,274,270.86           85,856,036,353.47
加：会计政策变更
  前期差错更正
  其他
二、本年期初余额      16,500,000,000.00           28,066,561,187.31        3,330,200,446.65                  13,543,000,448.65   24,416,274,270.86           85,856,036,353.47
                                                                                58 / 157
                                                                               2015 年年度报告




三、本期增减变动金
额（减少以“－”号                                      704,518,501.92          -749,951,813.43                2,273,307,609.12     2,838,080,436.43            5,065,954,734.04
填列）
（一）综合收益总额                                                              -749,951,813.43                                    11,366,538,045.56           10,616,586,232.13
（二）所有者投入和
减少资本
1．股东投入的普通股
2．其他权益工具持有
者投入资本
3．股份支付计入所有
者权益的金额
4．其他
（三）利润分配                                                                                               2,273,307,609.12    -8,528,457,609.13           -6,255,150,000.01
1．提取盈余公积                                                                                              2,273,307,609.12    -2,273,307,609.12
2．对所有者（或股东）
                                                                                                                          -6,255,150,000.01           -6,255,150,000.01
的分配
3．其他
（四）所有者权益内
部结转
1．资本公积转增资本
（或股本）
2．盈余公积转增资本
（或股本）
3．盈余公积弥补亏损
4．其他
 （五）专项储备
1．本期提取
2．本期使用
（六）其他                                         704,518,501.92                                                                                             704,518,501.92
四、本期期末余额      16,500,000,000.00            28,771,079,689.23           2,580,248,633.22              15,816,308,057.77    27,254,354,707.29           90,921,991,087.51


                                                                                               上期
                                   其他权益工具
                                                                       减：
     项目                            优   永
                     股本                    其          资本公积             库存       其他综合收益              专项储备                 盈余公积             未分配利润              所有者权益合计
                                   先   续                               股
                                           他
                                   股   债
一、上年期末余额       16,500,000,000.00                   28,072,869,450.97           2,609,690,850.87                    11,137,131,620.85    19,419,728,959.65   77,739,420,882.34
加：会计政策变更

                                                                                    59 / 157
                                                      2015 年年度报告




   前期差错更正
   其他
二、本年期初余额      16,500,000,000.00   28,072,869,450.97   2,609,690,850.87   11,137,131,620.85   19,419,728,959.65   77,739,420,882.34
三、本期增减变动金
额（减少以“－”号                             -6,308,263.66    720,509,595.78     2,405,868,827.80    4,996,545,311.21    8,116,615,471.13
填列）
（一）综合收益总额                                              720,509,595.78                        12,029,344,139.01   12,749,853,734.79
（二）所有者投入和
                                       -329,656.28                                                                    -329,656.28
减少资本
1．股东投入的普通股
2．其他权益工具持有
者投入资本
3．股份支付计入所有
者权益的金额
4．其他                                   -329,656.28                                                                     -329,656.28
（三）利润分配                                                                   2,405,868,827.80   -7,032,798,827.80   -4,626,930,000.00
1．提取盈余公积                                                                  2,405,868,827.80   -2,405,868,827.80
2．对所有者（或股东）
                                                                                             -4,626,930,000.00   -4,626,930,000.00
的分配
3．其他
（四）所有者权益内
部结转
1．资本公积转增资本
（或股本）
2．盈余公积转增资本
（或股本）
3．盈余公积弥补亏损
4．其他
 （五）专项储备
1．本期提取
2．本期使用
（六）其他                                 -5,978,607.38                                                                  -5,978,607.38
四、本期期末余额      16,500,000,000.00   28,066,561,187.31   3,330,200,446.65   13,543,000,448.65   24,416,274,270.86   85,856,036,353.47
      法定代表人：卢纯 主管会计工作负责人：谢峰 会计机构负责人：李爱军




                                                          60 / 157
                         2015 年年度报告


三、公司基本情况
1.   公司概况
     （1）公司注册地、组织形式和总部地址
     中国长江电力股份有限公司（以下简称"公司”或"本公司”）系中国长江三峡集团公司（原
中国长江三峡工程开发总公司，以下简称“中国三峡集团”）作为主发起人，联合华能国际电力
股份有限公司、中国核工业集团公司、中国石油天然气集团公司、中国葛洲坝水利水电工程集团
有限公司、长江水利委员会长江勘测规划设计院等五家发起人，以发起方式设立的股份有限公司。
公司于 2002 年 9 月 23 日经原国家经贸委“国经贸企改[2002]700 号文”批准设立，并于 2002 年
11 月 4 日在国家工商行政管理总局办理了工商登记手续。
     经中国证券监督管理委员会批准，公司以募集方式向社会公开发行 A 股股票并于 2003 年 11
月 18 日在上海证券交易所上市交易。
     2009 年，根据公司 2009 年度第一次临时股东大会决议，并经中国证券监督管理委员会核准，
公司实施重大资产重组，收购三峡工程发电资产及 5 家辅助生产专业化公司股权。
     公司领取国家工商行政管理总局核发的 100000000037300 号企业法人营业执照。
     截止 2015 年 12 月 31 日，公司累计发行股本总数 1,650,000.00 万股，注册资本为
1,650,000.00 万元。
     公司由三峡电厂、葛洲坝电厂、溪洛渡电厂、向家坝电厂、检修厂、梯调中心、技术研究中
心及各职能部门及成都分公司组成。公司下属 4 家全资子公司及 3 家控股子公司。
     注册地址：北京市。
     公司法定代表人：卢纯。

     （2）公司业务性质和主要经营活动
     本公司属发电行业，主要产品或服务为电力生产、经营和投资、电力生产技术咨询、水电工
程检修维护。

     （3）财务报表的批准报出
     本财务报表业经公司董事会于 2015 年 4 月 28 日批准报出。


2. 合并财务报表范围
     本期纳入合并财务报表范围的主体共 9 户，具体子公司包括：

          子公司名称          子公司类型        级次   持股比例（%）   表决权比例（%）
北京长电创新投资管理有限公司           全资子公司        2      100       100
长江三峡实业有限公司               全资子公司        2      100       100
                         全资子公司
长江三峡生态园林有限公司*                         3      100       100
                          的子公司
长江三峡水电工程有限公司             全资子公司        2      100       100


                           61 / 157
