                      2016 年年度报告



                   第十一节 财务报告
一、 审计报告
√适用 □不适用
                                            XYZH/2017BJA30196
中国长江电力股份有限公司全体股东：

  我们审计了后附的中国长江电力股份有限公司（以下简称长江电力公司）财务报表，包
括 2016 年 12 月 31 日的合并及母公司资产负债表，2016 年度的合并及母公司利润表、合并
及母公司现金流量表、合并及母公司股东权益变动表以及财务报表附注。

 一、管理层对财务报表的责任

  编制和公允列报财务报表是长江电力公司管理层的责任，这种责任包括：（1）按照企业
会计准则的规定编制财务报表，并使其实现公允反映；（2）设计、执行和维护必要的内部控
制，以使财务报表不存在由于舞弊或错误导致的重大错报。

 二、注册会计师的责任

  我们的责任是在执行审计工作的基础上对财务报表发表审计意见。我们按照中国注册会
计师审计准则的规定执行了审计工作。中国注册会计师审计准则要求我们遵守职业道德守则，
计划和执行审计工作以对财务报表是否不存在重大错报获取合理保证。

  审计工作涉及实施审计程序，以获取有关财务报表金额和披露的审计证据。选择的审计
程序取决于注册会计师的判断，包括对由于舞弊或错误导致的财务报表重大错报风险的评估。
在进行风险评估时，注册会计师考虑与财务报表编制和公允列报相关的内部控制，以设计恰
当的审计程序。审计工作还包括评价管理层选用会计政策的恰当性和作出会计估计的合理性，
以及评价财务报表的总体列报。

  我们相信，我们获取的审计证据是充分、适当的，为发表审计意见提供了基础。

  三、 审计意见

  我们认为，长江电力公司财务报表在所有重大方面按照企业会计准则的规定编制，公允
反映了长江电力公司 2016 年 12 月 31 日的合并及母公司财务状况以及 2016 年度的合并及母
公司经营成果和现金流量。

信永中和会计师事务所（特殊普通合伙）             中国注册会计师：詹军

                               中国注册会计师：邱欣

    中国北京                       二〇一七年四月二十七日


                          59
                        2016 年年度报告


二、 财务报表
                   合并资产负债表
                  2016 年 12 月 31 日
编制单位: 中国长江电力股份有限公司
                                                      单位:元 币种:人民币
          项目           附注七           期末余额                 期初余额
流动资产：
 货币资金                  1           3,379,074,909.02      4,529,631,276.68
 结算备付金
 拆出资金
 以公允价值计量且其变动计入当期       2                 92,880.00             99,545.00
损益的金融资产
 衍生金融资产
 应收票据                  4              86,967,495.25        109,150,000.00
 应收账款                  5           3,110,657,083.26      2,963,750,297.06
 预付款项                  6              34,519,815.24         10,031,323.53
 应收保费
 应收分保账款
 应收分保合同准备金
 应收利息                  7                640,062.50
 应收股利                  8                                   10,224,109.56
 其他应收款                 9             665,944,648.98       126,401,717.39
 买入返售金融资产
 存货                    10            438,880,908.13       507,100,926.91
 划分为持有待售的资产            11             19,998,452.41
 一年内到期的非流动资产
 其他流动资产                13          1,338,292,967.04
  流动资产合计                           9,075,069,221.83      8,256,389,196.13
非流动资产：
 发放贷款和垫款
 可供出售金融资产              14          7,114,612,797.87      5,408,115,118.39
 持有至到期投资
 长期应收款
 长期股权投资                17         13,097,435,538.57     11,156,927,719.29
 投资性房地产                18             76,621,558.61         79,149,552.38
 固定资产                  19        261,782,161,124.33    273,720,688,050.30
 在建工程                  20          5,688,066,428.55      5,593,470,097.11
 工程物资                  21             90,996,180.64        102,324,885.45
 固定资产清理
 生产性生物资产
 油气资产
 无形资产                  25            167,718,022.86       175,725,030.93
 开发支出
 商誉
 长期待摊费用
 递延所得税资产               29             55,233,989.57         24,643,167.21
 其他非流动资产               30          1,747,017,075.57
  非流动资产合计                        289,819,862,716.57    296,261,043,621.06
                            60
                   2016 年年度报告


   资产总计                      298,894,931,938.40   304,517,432,817.19
流动负债：
 短期借款              31         16,300,000,000.00     2,000,000,000.00
 向中央银行借款
 吸收存款及同业存放
 拆入资金
 以公允价值计量且其变动计入当期   32           351,719,401.47
损益的金融负债
 衍生金融负债
 应付票据              34           102,359,148.79       127,316,802.50
 应付账款              35           146,393,077.89       161,015,689.45
 预收款项              36            96,941,751.67        89,440,653.01
 卖出回购金融资产款
 应付手续费及佣金
 应付职工薪酬            37             90,168,894.28       75,123,117.90
 应交税费              38          1,309,230,305.77      347,911,366.63
 应付利息              39            663,050,090.57      579,866,198.71
 应付股利
 其他应付款             41         21,383,192,180.14    23,388,237,482.85
 应付分保账款
 保险合同准备金
 代理买卖证券款
 代理承销证券款
 划分为持有待售的负债
 一年内到期的非流动负债       43         17,669,257,618.09    32,701,671,885.76
 其他流动负债            44          3,998,288,888.89     2,993,737,704.91
  流动负债合计                      62,110,601,357.56    62,464,320,901.72
非流动负债：
 长期借款              45         26,852,435,923.00    30,243,281,287.59
 应付债券              46         27,655,276,169.59    18,419,337,337.79
 其中：优先股
    永续债
 长期应付款             47         52,688,753,776.74    59,144,562,116.54
 长期应付职工薪酬
 专项应付款
 预计负债
 递延收益
 递延所得税负债           29          1,061,502,472.65      829,726,833.75
 其他非流动负债
  非流动负债合计                    108,257,968,341.98   108,636,907,575.67
   负债合计                      170,368,569,699.54   171,101,228,477.39
所有者权益
 股本                53         22,000,000,000.00    16,500,000,000.00
 其他权益工具
 其中：优先股
    永续债
 资本公积              55         44,252,595,253.07    52,349,171,977.42
 减：库存股
                        61
                        2016 年年度报告


 其他综合收益                 57          3,440,409,201.90      2,702,742,280.40
 专项储备                   58
 盈余公积                   59         19,463,936,245.63     17,201,068,089.73
 一般风险准备
 未分配利润                  60         39,042,244,267.58     32,012,739,500.22
 归属于母公司所有者权益合计                    128,199,184,968.18    120,765,721,847.77
 少数股东权益                               327,177,270.68     12,650,482,492.03
  所有者权益合计                         128,526,362,238.86    133,416,204,339.80
   负债和所有者权益总计                     298,894,931,938.40    304,517,432,817.19

法定代表人：卢纯主管会计工作负责人：谢峰会计机构负责人：李爱军


                    母公司资产负债表
                    2016 年 12 月 31 日
编制单位:中国长江电力股份有限公司
                                                       单位:元 币种:人民币
       项目           附注十七              期末余额                 期初余额
流动资产：
 货币资金                               1,018,290,573.82      3,200,459,504.66
 以公允价值计量且其变动计入当                            44,490.00
期损益的金融资产
 衍生金融资产
 应收票据                                  85,600,000.00        109,150,000.00
 应收账款               1               1,642,057,146.16      1,491,741,658.28
 预付款项                                  20,546,176.47          5,584,719.02
 应收利息                                     640,062.50
 应收股利                                                       10,224,109.56
 其他应收款              2                489,435,459.79         38,199,052.68
 存货                                  324,501,920.42        394,902,322.76
 划分为持有待售的资产                           20,000,000.00
 一年内到期的非流动资产
 其他流动资产                                   872,647.33
  流动资产合计                            3,601,988,476.49      5,250,261,366.96
非流动资产：
 可供出售金融资产                           6,207,033,952.19      4,518,967,976.03
 持有至到期投资
 长期应收款
 长期股权投资             3              51,559,153,167.61     12,928,742,428.44
 投资性房地产                                30,830,285.37         31,922,768.46
 固定资产                             112,894,106,162.99    118,784,035,796.90
 在建工程                                 192,401,074.05        315,471,241.09
 工程物资
 固定资产清理
 生产性生物资产
 油气资产
 无形资产                                 61,235,751.65          66,437,773.87
 开发支出

                             62
                  2016 年年度报告


 商誉
 长期待摊费用
 递延所得税资产                        36,898,694.73        20,438,890.28
 其他非流动资产                       490,000,000.00
  非流动资产合计                  171,471,659,088.59   136,666,016,875.07
   资产总计                    175,073,647,565.08   141,916,278,242.03
流动负债：
 短期借款                       14,830,000,000.00      580,000,000.00
 以公允价值计量且其变动计入当
期损益的金融负债
 衍生金融负债
 应付票据                          101,053,291.83      113,307,621.00
 应付账款                           38,266,406.98       76,736,831.44
 预收款项                            8,788,393.37        9,271,340.46
 应付职工薪酬                         75,350,533.60       66,444,430.88
 应交税费                          959,244,454.55      761,243,882.09
 应付利息                          547,382,320.67      412,501,371.00
 应付股利
 其他应付款                         675,449,232.57      682,834,967.65
 划分为持有待售的负债
 一年内到期的非流动负债                 7,255,449,278.29    13,303,863,545.96
 其他流动负债                      3,998,288,888.89     2,993,737,704.91
  流动负债合计                    28,489,272,800.75    18,999,941,695.39
非流动负债：
 长期借款                        2,512,435,923.00    12,745,281,287.59
 应付债券                       24,412,741,999.90    18,419,337,337.79
 其中：优先股
    永续债
 长期应付款
 长期应付职工薪酬
 专项应付款
 预计负债
 递延收益
 递延所得税负债                     1,055,601,185.47      829,726,833.75
 其他非流动负债
  非流动负债合计                   27,980,779,108.37    31,994,345,459.13
   负债合计                     56,470,051,909.12    50,994,287,154.52
所有者权益：
 股本                         22,000,000,000.00    16,500,000,000.00
 其他权益工具
 其中：优先股
    永续债
 资本公积                       46,821,488,716.44    28,771,079,689.23
 减：库存股
 其他综合收益                      3,250,213,394.93     2,580,248,633.22
 专项储备
 盈余公积                       18,079,176,213.67    15,816,308,057.77
 未分配利润                      28,452,717,330.92    27,254,354,707.29
                      63
                   2016 年年度报告


  所有者权益合计                     118,603,595,655.96      90,921,991,087.51
   负债和所有者权益总计                 175,073,647,565.08     141,916,278,242.03

法定代表人：卢纯主管会计工作负责人：谢峰会计机构负责人：李爱军




                    合并利润表
                  2016 年 1—12 月
                                                 单位:元 币种:人民币
        项目            附注七           本期发生额             上期发生额
一、营业总收入                          48,939,388,714.62 47,434,965,001.27
其中：营业收入             61           48,939,388,714.62 47,434,965,001.27
   利息收入
   已赚保费
   手续费及佣金收入
二、营业总成本                          27,930,753,521.54 28,544,961,490.69
其中：营业成本             61           19,237,995,018.65 18,113,630,591.41
   利息支出
   手续费及佣金支出
   退保金
   赔付支出净额
   提取保险合同准备金净额
   保单红利支出
   分保费用
   税金及附加            62            1,073,661,566.84       892,992,083.19
   销售费用             63                8,087,389.77         4,661,225.11
   管理费用             64              825,185,989.22       878,015,684.83
   财务费用             65            6,679,348,670.32     8,781,100,736.18
   资产减值损失           66              106,474,886.74      -125,438,830.03
 加：公允价值变动收益（损失以“－”号 67              -66,123,492.00            77,390.00
填列）
   投资收益（损失以“－”号填列）  68            1,334,188,678.05     2,211,001,759.55
   其中：对联营企业和合营企业的投资 68              970,291,705.05     1,033,282,895.34
收益
   汇兑收益（损失以“－”号填列）
三、营业利润（亏损以“－”号填列）                22,276,700,379.13    21,101,082,660.13
 加：营业外收入            69            2,911,527,020.64     3,435,790,277.48
   其中：非流动资产处置利得     69               38,051,635.63         2,289,620.62
 减：营业外支出            70               34,290,017.72        16,655,646.13
   其中：非流动资产处置损失     70               17,582,361.81         7,317,074.02
四、利润总额（亏损总额以“－”号填列）              25,153,937,382.05    24,520,217,291.48
 减：所得税费用            71            4,216,161,673.07     3,407,595,593.00
五、净利润（净亏损以“－”号填列）                20,937,775,708.98    21,112,621,698.48
 归属于母公司所有者的净利润                   20,781,182,597.33    18,234,662,090.59
 少数股东损益                             156,593,111.65     2,877,959,607.89
六、其他综合收益的税后净额                       737,666,921.50      -808,508,194.62
 归属母公司所有者的其他综合收益的税                  737,666,921.50      -808,508,194.62

                         64
                     2016 年年度报告


后净额
  （一） 以后不能重分类进损益的其他综                                       -19,312.89
合收益
   1.重新计量设定受益计划净负债或
净资产的变动
   2.权益法下在被投资单位不能重分                                        -19,312.89
类进损益的其他综合收益中享有的份额
  （二） 以后将重分类进损益的其他综合                737,666,921.50     -808,488,881.73
收益
   1.权益法下在被投资单位以后将重                 100,635,013.42     -86,778,113.01
分类进损益的其他综合收益中享有的份额
   2.可供出售金融资产公允价值变动                 512,222,044.37     -774,213,348.52
损益
   3.持有至到期投资重分类为可供出
售金融资产损益
   4.现金流量套期损益的有效部分
   5.外币财务报表折算差额                     124,809,863.71      52,502,579.80
   6.其他
 归属于少数股东的其他综合收益的税后
净额
七、综合收益总额                        21,675,442,630.48 20,304,113,503.86
 归属于母公司所有者的综合收益总额               21,518,849,518.83 17,426,153,895.97
 归属于少数股东的综合收益总额                    156,593,111.65  2,877,959,607.89
八、每股收益：
 （一）基本每股收益(元/股)                            0.9446              0.8288
 （二）稀释每股收益(元/股)                            0.9446              0.8288

本期发生同一控制下企业合并的，被合并方在合并前实现的净利润为：498,352,467.57 元,上期
被合并方实现的净利润为：9,592,408,105.69 元。
法定代表人：卢纯主管会计工作负责人：谢峰会计机构负责人：李爱军


                     母公司利润表
                    2016 年 1—12 月
                                                单位:元 币种:人民币
         项目            附注十七        本期发生额             上期发生额
一、营业收入                 4        24,700,409,084.97 23,532,445,499.62
 减：营业成本                4         9,010,747,122.58  9,251,992,192.40
   税金及附加                           623,707,638.61    470,909,853.24
   销售费用                              3,413,754.96      3,479,299.61
   管理费用                            544,942,418.14    484,141,082.27
   财务费用                          2,298,496,006.49  2,892,703,960.20
   资产减值损失                           65,839,217.79   -126,752,825.69
 加：公允价值变动收益（损失以“－”                      30,235.00
号填列）
   投资收益（损失以“－”号填列）     5          1,221,592,090.56    2,158,432,295.62
   其中：对联营企业和合营企业的投     5            927,495,172.16      972,465,589.26
资收益
二、营业利润（亏损以“－”号填列）               13,374,885,251.96    12,714,404,233.21
                           65
                   2016 年年度报告


 加：营业外收入                       1,350,775,227.97      2,046,745,344.23
     其中：非流动资产处置利得                 38,040,545.46            946,073.89
 减：营业外支出                          31,997,183.84         14,979,689.91
     其中：非流动资产处置损失                 16,969,158.51          6,662,489.05
三、利润总额（亏损总额以“－”号填列）           14,693,663,296.09     14,746,169,887.53
  减：所得税费用                      3,379,322,516.56      3,379,631,841.97
四、净利润（净亏损以“－”号填列）             11,314,340,779.53     11,366,538,045.56
五、其他综合收益的税后净额                    669,964,761.71       -749,951,813.43
 （一）以后不能重分类进损益的其他综                                         -17,339.02
合收益
   1.重新计量设定受益计划净负债或
净资产的变动
  2.权益法下在被投资单位不能重分                                        -17,339.02
类进损益的其他综合收益中享有的份额
 （二）以后将重分类进损益的其他综合                 669,964,761.71     -749,934,474.41
收益
   1.权益法下在被投资单位以后将重                 -7,635,617.19     -90,497,688.16
分类进损益的其他综合收益中享有的份
额
   2.可供出售金融资产公允价值变动                677,600,378.90     -659,436,786.25
损益
   3.持有至到期投资重分类为可供出
售金融资产损益
   4.现金流量套期损益的有效部分
   5.外币财务报表折算差额
   6.其他
六、综合收益总额                      11,984,305,541.24     10,616,586,232.13
七、每股收益：
  （一）基本每股收益(元/股)
  （二）稀释每股收益(元/股)

法定代表人：卢纯主管会计工作负责人：谢峰会计机构负责人：李爱军




                   合并现金流量表
                   2016 年 1—12 月
                                              单位：元 币种：人民币
       项目          附注七          本期发生额             上期发生额
一、经营活动产生的现金流量：
 销售商品、提供劳务收到的现金              57,256,635,482.06      55,663,985,457.36
 客户存款和同业存放款项净增加额
 向中央银行借款净增加额
 向其他金融机构拆入资金净增加额
 收到原保险合同保费取得的现金
 收到再保险业务现金净额
 保户储金及投资款净增加额
 处置以公允价值计量且其变动计入
当期损益的金融资产净增加额
                        66
                   2016 年年度报告


 收取利息、手续费及佣金的现金
 拆入资金净增加额
 回购业务资金净增加额
 收到的税费返还                       2,870,679,180.56    3,430,052,521.80
 收到其他与经营活动有关的现金    73            234,185,536.21      100,344,122.79
  经营活动现金流入小计                  60,361,500,198.83   59,194,382,101.95
 购买商品、接受劳务支付的现金                6,138,261,726.50    4,730,257,742.70
 客户贷款及垫款净增加额
 存放中央银行和同业款项净增加额
 支付原保险合同赔付款项的现金
 支付利息、手续费及佣金的现金
 支付保单红利的现金
 支付给职工以及为职工支付的现金               1,733,924,945.78    1,608,108,001.55
 支付的各项税费                      13,262,996,901.53   12,704,486,331.29
 支付其他与经营活动有关的现金    73            236,485,430.72      358,389,943.92
  经营活动现金流出小计                  21,371,669,004.53   19,401,242,019.46
   经营活动产生的现金流量净额   74         38,989,831,194.30   39,793,140,082.49
二、投资活动产生的现金流量：
 收回投资收到的现金                     1,515,109,446.79    1,768,460,059.33
 取得投资收益收到的现金                     709,120,150.35      581,746,558.07
 处置固定资产、无形资产和其他长                  25,010,567.18       37,774,371.68
期资产收回的现金净额
 处置子公司及其他营业单位收到的
现金净额
 收到其他与投资活动有关的现金
  投资活动现金流入小计                   2,249,240,164.32    2,387,980,989.08
 购建固定资产、无形资产和其他长               2,253,519,305.67    4,824,541,742.17
期资产支付的现金
 投资支付的现金                       6,253,138,308.63     572,966,621.42
 质押贷款净增加额
 取得子公司及其他营业单位支付的              37,455,158,900.00
现金净额
 支付其他与投资活动有关的现金    73            517,165,804.83
  投资活动现金流出小计                  46,478,982,319.13    5,397,508,363.59
   投资活动产生的现金流量净额             -44,229,742,154.81   -3,009,527,374.51
三、筹资活动产生的现金流量：
 吸收投资收到的现金                    24,325,456,000.00     629,800,000.00
 其中：子公司吸收少数股东投资收                 308,000,000.00     629,800,000.00
到的现金
 取得借款收到的现金                    75,232,606,284.47   32,300,000,000.00
 发行债券收到的现金
 收到其他与筹资活动有关的现金    73                                 65,000,000.00
  筹资活动现金流入小计                  99,558,062,284.47   32,994,800,000.00
 偿还债务支付的现金                    68,896,499,540.06   39,577,317,823.68
 分配股利、利润或偿付利息支付的              17,346,041,596.52   22,239,959,946.52
现金
 其中：子公司支付给少数股东的股               2,056,651,949.97    2,129,505,575.01
利、利润

                        67
                    2016 年年度报告


 支付其他与筹资活动有关的现金    73          9,245,208,019.01       9,016,828,477.04
  筹资活动现金流出小计                  95,487,749,155.59      70,834,106,247.24
   筹资活动产生的现金流量净额               4,070,313,128.88     -37,839,306,247.24
四、汇率变动对现金及现金等价物的                   9,724,806.29             481,494.17
影响
五、现金及现金等价物净增加额     74         -1,159,873,025.34      -1,055,212,045.09
 加：期初现金及现金等价物余额    74          4,529,631,276.68       5,584,843,321.77
六、期末现金及现金等价物余额     74          3,369,758,251.34       4,529,631,276.68

法定代表人：卢纯主管会计工作负责人：谢峰会计机构负责人：李爱军


                   母公司现金流量表
                   2016 年 1—12 月
                                                   单位:元 币种:人民币
       项目           附注           本期发生额                上期发生额
一、经营活动产生的现金流量：
 销售商品、提供劳务收到的现金                29,153,995,896.21     27,634,765,060.04
 收到的税费返还                        1,312,526,677.47      2,045,261,247.21
 收到其他与经营活动有关的现金                    94,855,368.38         44,690,942.01
  经营活动现金流入小计                   30,561,377,942.06     29,724,717,249.26
 购买商品、接受劳务支付的现金                 2,464,411,443.32      2,282,301,367.27
 支付给职工以及为职工支付的现金                1,248,185,827.98      1,167,947,410.80
 支付的各项税费                        8,044,930,841.17      8,442,715,813.75
 支付其他与经营活动有关的现金                   110,845,835.51        118,066,237.21
  经营活动现金流出小计                   11,868,373,947.98     12,011,030,829.03
 经营活动产生的现金流量净额                 18,693,003,994.08     17,713,686,420.23
二、投资活动产生的现金流量：
 收回投资收到的现金                                            1,594,404,613.57
 取得投资收益收到的现金                     627,142,457.67         583,102,095.89
 处置固定资产、无形资产和其他长                  24,652,182.60          36,247,831.34
期资产收回的现金净额
 处置子公司及其他营业单位收到的
现金净额
 收到其他与投资活动有关的现金
  投资活动现金流入小计                     651,794,640.27       2,213,754,540.80
 购建固定资产、无形资产和其他长                 293,185,393.11         434,532,714.91
期资产支付的现金
 投资支付的现金                       39,632,251,959.29        116,068,000.00
 取得子公司及其他营业单位支付的
现金净额
 支付其他与投资活动有关的现金                   477,168,900.00
  投资活动现金流出小计                   40,402,606,252.40        550,600,714.91
   投资活动产生的现金流量净额              -39,750,811,612.13      1,663,153,825.89
三、筹资活动产生的现金流量：
 吸收投资收到的现金                     24,017,456,000.00
 取得借款收到的现金                     44,650,000,000.00     15,885,000,000.00
 发行债券收到的现金

                         68
                   2016 年年度报告


 收到其他与筹资活动有关的现金                                      65,000,000.00
  筹资活动现金流入小计                68,667,456,000.00    15,950,000,000.00
 偿还债务支付的现金                  39,708,331,750.16    25,546,317,823.68
 分配股利、利润或偿付利息支付的             9,969,650,720.52     9,195,599,082.18
现金
 支付其他与筹资活动有关的现金                113,834,842.11        56,768,167.24
  筹资活动现金流出小计                49,791,817,312.79    34,798,685,073.10
   筹资活动产生的现金流量净额            18,875,638,687.21   -18,848,685,073.10
四、汇率变动对现金及现金等价物的
影响
五、现金及现金等价物净增加额              -2,182,168,930.84       528,155,173.02
 加：期初现金及现金等价物余额              3,200,459,504.66     2,672,304,331.64
六、期末现金及现金等价物余额               1,018,290,573.82     3,200,459,504.66

法定代表人：卢纯主管会计工作负责人：谢峰会计机构负责人：李爱军




                       69
                                                                           2016 年年度报告



                                                                    合并所有者权益变动表
                                                                     2016 年 1—12 月
                                                                                                                                            单位:元 币种:人民币
                                                                                              本期

                                                                      归属于母公司所有者权益

 项目                          其他权益工具                                                                                                         少数股东权                所有者权益合
                                                             减：库   其他综合收                                          一般风                         益                    计
             股本              优   永       资本公积                                          专项储备    盈余公积                     未分配利润
                                     其                       存股      益                                            险准备
                             先   续
                                     他
                             股   债
一、上年期末   16,500,000,000.00               52,349,171,977.42         2,702,742,280.40           17,201,068,089.73         32,012,739,500.22   12,650,482,492.03    133,416,204,339.80
余额
加：会计政策
变更
   前期差
错更正
   同一控
制下企业合
并
   其他
二、本年期初   16,500,000,000.00               52,349,171,977.42         2,702,742,280.40           17,201,068,089.73         32,012,739,500.22   12,650,482,492.03    133,416,204,339.80
余额
三、本期增减   5,500,000,000.00                -8,096,576,724.35          737,666,921.50            2,262,868,155.90           7,029,504,767.36   -12,323,305,221.35   -4,889,842,100.94
变动金额（减
少以“－”
号填列）
（一）综合收                                                              737,666,921.50                                      20,781,182,597.33      156,593,111.65    21,675,442,630.48
益总额
（二）所有者   5,500,000,000.00                -8,227,454,969.39                                                                                  -10,423,246,383.03   -13,150,701,352.42
投入和减少
资本
1．股东投入   5,500,000,000.00                60,796,456,000.00                                                                                     308,000,000.00    66,604,456,000.00
的普通股
2．其他权益


                                                                                      70
                                                          2016 年年度报告

工具持有者
投入资本
3．股份支付
计入所有者
权益的金额
4．其他                         -69,023,910,969.39                                                                                   -10,731,246,383.03   -79,755,157,352.42
（三）利润分                                                                                   2,262,868,155.90    -13,751,677,829.97    -2,056,651,949.97   -13,545,461,624.04
配
1．提取盈余                                                                                   2,262,868,155.90    -2,262,868,155.90
公积
2．提取一般
风险准备
3．对所有者                                                                                                       -11,488,809,674.07   -2,056,651,949.97    -13,545,461,624.04
（或股东）的
分配
4．其他
（四）所有者
权益内部结
转
1．资本公积
转增资本（或
股本）
2．盈余公积
转增资本（或
股本）
3．盈余公积
弥补亏损
4．其他
（五）专项储
备
1．本期提取                                                                    3,341,471.00                                                                       3,341,471.00
2．本期使用                                                                    3,341,471.00                                                                       3,341,471.00
（六）其他                           130,878,245.04                                                                                                             130,878,245.04
四、本期期末   22,000,000,000.00   44,252,595,253.07    3,440,409,201.90                       19,463,936,245.63   39,042,244,267.58       327,177,270.68    128,526,362,238.86
余额



                                                                     71
                                                                           2016 年年度报告


                                                                                              上期

                                                                    归属于母公司所有者权益

 项目                          其他权益工具                                                                                                         少数股东权              所有者权益合
                             优   永                           减：库   其他综合收                                          一般风                         益                  计
             股本                      其    资本公积                                         专项储备     盈余公积                    未分配利润
                             先   续                           存股      益                                            险准备
                                     他
                             股   债
一、上年期    16,500,000,000.00               27,816,521,305.26         3,511,250,475.02           13,578,390,377.98         24,728,003,586.16      2,328,268.43    86,136,494,012.85
末余额
加：会计政
策变更
  前期差
错更正
  同一控                                    22,400,000,000.00                                      677,901,535.23          3,218,532,243.13 11,269,900,190.72     37,566,333,969.08
制下企业合
并
  其他
二、本年期    16,500,000,000.00               50,216,521,305.26         3,511,250,475.02           14,256,291,913.21         27,946,535,829.29 11,272,228,459.15    123,702,827,981.93
初余额
三、本期增                                    2,132,650,672.16          -808,508,194.62            2,944,776,176.52          4,066,203,670.93    1,378,254,032.88    9,713,376,357.87
减变动金额
（减少以
“－”号填
列）
（一）综合                                                              -808,508,194.62                                      18,234,662,090.59   2,877,959,607.89   20,304,113,503.86
收益总额
（二）所有                                    1,400,000,000.00                                                                                    629,800,000.00     2,029,800,000.00
者投入和减
少资本
1．股东投入                                                                                                                                       629,800,000.00       629,800,000.00
的普通股
2．其他权益
工具持有者
投入资本



                                                                                      72
                                                         2016 年年度报告

3．股份支付
计入所有者
权益的金额
4．其他                         1,400,000,000.00                                                                                                        1,400,000,000.00
（三）利润                                                                                   2,944,776,176.52    -14,168,458,419.66 -2,129,505,575.01   -13,353,187,818.15
分配
1．提取盈余                                                                                  2,944,776,176.52    -2,944,776,176.52
公积
2．提取一般
风险准备
3．对所有者                                                                                                      -11,223,682,243.14 -2,129,505,575.01   -13,353,187,818.15
（或股东）
的分配
4．其他
（四）所有
者权益内部
结转
1．资本公积
转增资本
（或股本）
2．盈余公积
转增资本
（或股本）
3．盈余公积
弥补亏损
4．其他
（五）专项
储备
1．本期提取                                                                   2,669,448.69                                                                    2,669,448.69
2．本期使用                                                                   2,669,448.69                                                                    2,669,448.69
（六）其他                           732,650,672.16                                                                                                         732,650,672.16
四、本期期    16,500,000,000.00   52,349,171,977.42   2,702,742,280.40                       17,201,068,089.73   32,012,739,500.22 12,650,482,492.03    133,416,204,339.80
末余额


  法定代表人：卢纯主管会计工作负责人：谢峰会计机构负责人：李爱军


                                                                    73
                                                                 2016 年年度报告




                                                              母公司所有者权益变动表
                                                                2016 年 1—12 月
                                                                                                                      单位:元 币种:人民币
                                                                            本期
                             其他权益工具
 项目                          优   永                                                                                                      所有者权益合
              股本                     其   资本公积                减：库存股   其他综合收益             专项储备   盈余公积                 未分配利润
                             先   续                                                                                                        计
                                     他
                             股   债
一、上年期末   16,500,000,000.00               28,771,079,689.23           2,580,248,633.22           15,816,308,057.77   27,254,354,707.29   90,921,991,087.51
余额
加：会计政策
变更
   前期差
错更正
   其他
二、本年期初   16,500,000,000.00               28,771,079,689.23           2,580,248,633.22           15,816,308,057.77   27,254,354,707.29   90,921,991,087.51
余额
三、本期增减   5,500,000,000.00                18,050,409,027.21            669,964,761.71            2,262,868,155.90    1,198,362,623.63    27,681,604,568.45
变动金额（减
少以“－”
号填列）
（一）综合收                                                                669,964,761.71                                11,314,340,779.53   11,984,305,541.24
益总额
（二）所有者   5,500,000,000.00                17,928,279,293.05                                                                              23,428,279,293.05
投入和减少
资本
1．股东投入   5,500,000,000.00                60,298,103,532.43                                                                              65,798,103,532.43
的普通股
2．其他权益
工具持有者
投入资本
3．股份支付


                                                                     74
                                                  2016 年年度报告

计入所有者
权益的金额
4．其他                         -42,369,824,239.38                                                                   -42,369,824,239.38
（三）利润分                                                                   2,262,868,155.90    -10,115,978,155.90    -7,853,110,000.00
配
1．提取盈余                                                                   2,262,868,155.90    -2,262,868,155.90
公积
2．对所有者                                                                                       -7,853,110,000.00    -7,853,110,000.00
（或股东）的
分配
3．其他
（四）所有者
权益内部结
转
1．资本公积
转增资本（或
股本）
2．盈余公积
转增资本（或
股本）
3．盈余公积
弥补亏损
4．其他
 （五）专项
储备
1．本期提取
2．本期使用
（六）其他                           122,129,734.16                                                                        122,129,734.16
四、本期期末   22,000,000,000.00   46,821,488,716.44        3,250,213,394.93   18,079,176,213.67   28,452,717,330.92    118,603,595,655.96
余额




                                                      75
