                     2017 年年度报告




信永中和会计师事务所(特殊普通合伙)           中国注册会计师：詹军

                             （项目合伙人）




                             中国注册会计师：邱欣



      中国   北京                二○一八年四月二十六日




                       62 / 206
                     2017 年年度报告


二、财务报表
                合并资产负债表
               2017 年 12 月 31 日
编制单位: 中国长江电力股份有限公司
                                                    单位:元     币种:人民币
         项目          附注七               期末余额                 期初余额
流动资产：
 货币资金               1                5,201,453,446.62     3,379,074,909.02
 结算备付金
 拆出资金
 以公允价值计量且其变动计入      2                      10,270.00             92,880.00
当期损益的金融资产
 衍生金融资产
 应收票据               4                   77,050,000.00        86,967,495.25
 应收账款               5                3,213,100,306.64     3,110,657,083.26
 预付款项               6                   30,042,910.75        34,519,815.24
 应收保费
 应收分保账款
 应收分保合同准备金
 应收利息               7                                          640,062.50
 应收股利               8                 159,874,360.70
 其他应收款              9                 194,463,126.77       665,944,648.98
 买入返售金融资产
 存货                 10                257,031,170.41       438,880,908.13
 持有待售资产             11                                      19,998,452.41
 一年内到期的非流动资产
 其他流动资产             13               1,054,153,686.40     1,338,292,967.04
  流动资产合计                            10,187,179,278.29     9,075,069,221.83
非流动资产：
 发放贷款和垫款
 可供出售金融资产           14              15,633,047,846.31     7,114,612,797.87
 持有至到期投资
 长期应收款
 长期股权投资             17           16,155,838,409.97       13,097,435,538.57
 投资性房地产             18               29,737,737.37           76,621,558.61
 固定资产               19          249,701,555,128.18      261,782,161,124.33
 在建工程               20            5,986,530,329.62        5,688,066,428.55
 工程物资               21              110,440,093.12           90,996,180.64
 固定资产清理
 生产性生物资产
 油气资产
 无形资产               25                169,620,516.28       167,718,022.86

                         63 / 206
                 2017 年年度报告



 开发支出
 商誉
 长期待摊费用
 递延所得税资产         29              168,918,053.85           55,233,989.57
 其他非流动资产         30            1,255,352,722.43        1,747,017,075.57
  非流动资产合计                    289,211,040,837.13      289,819,862,716.57
    资产总计                     299,398,220,115.42      298,894,931,938.40
流动负债：
 短期借款            31              19,005,000,000.00    16,300,000,000.00
 向中央银行借款
 吸收存款及同业存放
 拆入资金
 以公允价值计量且其变动计入   32                513,947,206.47       351,719,401.47
当期损益的金融负债
 衍生金融负债
 应付票据            34                101,039,781.02       102,359,148.79
 应付账款            35                 87,419,834.98       146,393,077.89
 预收款项            36                 10,378,175.16        96,941,751.67
 卖出回购金融资产款
 应付手续费及佣金
 应付职工薪酬          37                  90,162,772.29        90,168,894.28
 应交税费            38               2,212,591,349.13     1,309,230,305.77
 应付利息            39                 665,289,460.60       663,050,090.57
 应付股利
 其他应付款           41              20,010,812,181.16    21,383,192,180.14
 应付分保账款
 保险合同准备金
 代理买卖证券款
 代理承销证券款
 持有待售负债
 一年内到期的非流动负债     43              13,507,522,151.39    17,669,257,618.09
 其他流动负债          44               3,498,822,877.35     3,998,288,888.89
  流动负债合计                         59,702,985,789.55    62,110,601,357.56
非流动负债：
 长期借款            45              31,500,000,000.00    26,852,435,923.00
 应付债券            46              30,151,107,574.75    27,655,276,169.59
 其中：优先股
     永续债
 长期应付款           47              41,232,945,436.94    52,688,753,776.74
 长期应付职工薪酬
 专项应付款
 预计负债
                      64 / 206
                     2017 年年度报告



 递延收益
 递延所得税负债            29               1,292,343,515.04     1,061,502,472.65
 其他非流动负债
  非流动负债合计                       104,176,396,526.73      108,257,968,341.98
    负债合计                        163,879,382,316.28      170,368,569,699.54
所有者权益
 股本                 53              22,000,000,000.00    22,000,000,000.00
 其他权益工具
 其中：优先股
     永续债
 资本公积               55              44,322,910,497.79    44,252,595,253.07
 减：库存股
 其他综合收益             57               3,698,950,231.10     3,440,409,201.90
 专项储备               58
 盈余公积               59              21,790,477,026.69    19,463,936,245.63
 一般风险准备
 未分配利润              60           43,289,114,811.42       39,042,244,267.58
 归属于母公司所有者权益合计                  135,101,452,567.00      128,199,184,968.18
 少数股东权益                             417,385,232.14          327,177,270.68
  所有者权益合计                       135,518,837,799.14      128,526,362,238.86
    负债和所有者权益总计                  299,398,220,115.42      298,894,931,938.40

法定代表人：卢纯 主管会计工作负责人：谢峰 会计机构负责人：李爱军


               母公司资产负债表
               2017 年 12 月 31 日
编制单位:中国长江电力股份有限公司
                                                    单位:元      币种:人民币
                     附注十
        项目                            期末余额                  期初余额
                      七
流动资产：
 货币资金                               2,609,840,464.98      1,018,290,573.82
 以公允价值计量且其变动计入                             10,270.00             44,490.00
当期损益的金融资产
 衍生金融资产
 应收票据                                  76,600,000.00         85,600,000.00
 应收账款                1              1,590,316,006.70      1,642,057,146.16
 预付款项                                  22,804,675.10         20,546,176.47
 应收利息                                                           640,062.50
 应收股利                                 159,874,360.70
 其他应收款               2                172,235,091.25       489,435,459.79
 存货                                   131,214,636.29       324,501,920.42
                         65 / 206
                 2017 年年度报告



 持有待售资产                                                  20,000,000.00
 一年内到期的非流动资产
 其他流动资产                            530,720,105.77           872,647.33
  流动资产合计                         5,293,615,610.79     3,601,988,476.49
非流动资产：
 可供出售金融资产                       13,167,384,094.96     6,207,033,952.19
 持有至到期投资
 长期应收款
 长期股权投资          3           54,079,998,092.72       51,559,153,167.61
 投资性房地产                          29,737,737.37           30,830,285.37
 固定资产                       107,110,132,705.97      112,894,106,162.99
 在建工程                           226,633,878.52          192,401,074.05
 工程物资
 固定资产清理
 生产性生物资产
 油气资产
 无形资产                              64,321,296.96         61,235,751.65
 开发支出
 商誉
 长期待摊费用
 递延所得税资产                          135,822,316.83         36,898,694.73
 其他非流动资产                                                490,000,000.00
  非流动资产合计                   174,814,030,123.33      171,471,659,088.59
    资产总计                    180,107,645,734.12      175,073,647,565.08
流动负债：
 短期借款                           18,390,000,000.00    14,830,000,000.00
 以公允价值计量且其变动计入
当期损益的金融负债
 衍生金融负债
 应付票据                               66,745,775.27      101,053,291.83
 应付账款                               39,376,200.30       38,266,406.98
 预收款项                                8,597,701.82        8,788,393.37
 应付职工薪酬                             81,431,453.60       75,350,533.60
 应交税费                            1,317,137,611.28      959,244,454.55
 应付利息                              565,961,120.33      547,382,320.67
 应付股利
 其他应付款                           1,180,882,158.97      675,449,232.57
 持有待售负债
 一年内到期的非流动负债                        11,713,811.59     7,255,449,278.29
 其他流动负债                          3,498,822,877.35     3,998,288,888.89
  流动负债合计                        25,160,668,710.51    28,489,272,800.75
非流动负债：
                     66 / 206
                  2017 年年度报告



 长期借款                           11,300,000,000.00     2,512,435,923.00
 应付债券                           26,926,840,150.88    24,412,741,999.90
 其中：优先股
     永续债
 长期应付款
 长期应付职工薪酬
 专项应付款
 预计负债
 递延收益
 递延所得税负债                         1,293,954,923.35     1,055,601,185.47
 其他非流动负债
  非流动负债合计                       39,520,795,074.23    27,980,779,108.37
    负债合计                        64,681,463,784.74    56,470,051,909.12
所有者权益：
 股本                             22,000,000,000.00    22,000,000,000.00
 其他权益工具
 其中：优先股
     永续债
 资本公积                           46,871,371,592.55    46,821,488,716.44
 减：库存股
 其他综合收益                          4,077,712,906.93     3,250,213,394.93
 专项储备
 盈余公积                        20,405,716,994.73       18,079,176,213.67
 未分配利润                       22,071,380,455.17       28,452,717,330.92
  所有者权益合计                   115,426,181,949.38      118,603,595,655.96
    负债和所有者权益总计              180,107,645,734.12      175,073,647,565.08

法定代表人：卢纯 主管会计工作负责人：谢峰 会计机构负责人：李爱军


                   合并利润表
                 2017 年 1—12 月
                                                单位:元     币种:人民币
       项目           附注七              本期发生额             上期发生额
一、营业总收入                           50,146,848,575.09 48,939,388,714.62
其中：营业收入            61             50,146,848,575.09 48,939,388,714.62
   利息收入
   已赚保费
   手续费及佣金收入
二、营业总成本                           27,470,583,726.11 27,930,753,521.54
其中：营业成本            61             19,453,733,721.49 19,237,995,018.65
   利息支出
   手续费及佣金支出
                     67 / 206
                   2017 年年度报告



      退保金
      赔付支出净额
      提取保险合同准备金净额
      保单红利支出
      分保费用
      税金及附加         62           1,056,013,345.97   1,073,661,566.84
      销售费用          63              19,125,791.60       8,087,389.77
      管理费用          64             840,437,293.46     825,185,989.22
      财务费用          65           5,896,659,769.17   6,679,348,670.32
      资产减值损失        66             204,613,804.42     106,474,886.74
  加：公允价值变动收益（损失以 67               -164,323,157.23     -66,123,492.00
“－”号填列）
      投资收益（损失以“－”号填 68           2,311,700,052.64   1,334,188,678.05
列）
      其中：对联营企业和合营企业 68           1,142,841,155.81    970,291,705.05
的投资收益
      资产处置收益（损失以“－” 69             -37,373,018.98     20,469,273.82
号填列）
      汇兑收益（损失以“－”号填
列）
      其他收益          70           2,290,638,487.36
三、营业利润（亏损以“－”号填列）               27,076,907,212.77 22,297,169,652.95
  加：营业外收入           71                 536,342.41 2,873,475,385.01
  减：营业外支出           72             423,054,664.46     16,707,655.91
四、利润总额（亏损总额以“－”号填               26,654,388,890.72 25,153,937,382.05
列）
  减：所得税费用           73           4,379,775,749.06 4,216,161,673.07
五、净利润（净亏损以“－”号填列）               22,274,613,141.66 20,937,775,708.98
  (一)按经营持续性分类
    1.持续经营净利润（净亏损以              22,222,563,683.80 20,872,455,038.33
“－”号填列）
    2.终止经营净利润（净亏损以                 52,049,457.86      65,320,670.65
“－”号填列）
  (二)按所有权归属分类
    1.少数股东损益                        13,701,816.76    156,593,111.65
    2.归属于母公司股东的净利润              22,260,911,324.90 20,781,182,597.33
六、其他综合收益的税后净额                      258,541,029.20    737,666,921.50
  归属母公司所有者的其他综合收                   258,541,029.20    737,666,921.50
益的税后净额
    （一）以后不能重分类进损益的                   1,298,298.37
其他综合收益
      1.重新计量设定受益计划净

                     68 / 206
                   2017 年年度报告



负债或净资产的变动
   2.权益法下在被投资单位不                     1,298,298.37
能重分类进损益的其他综合收益中
享有的份额
  （二）以后将重分类进损益的其                  257,242,730.83     737,666,921.50
他综合收益
   1.权益法下在被投资单位以                   -25,521,863.73    100,635,013.42
后将重分类进损益的其他综合收益
中享有的份额
   2.可供出售金融资产公允价                  533,584,901.93     512,222,044.37
值变动损益
   3.持有至到期投资重分类为
可供出售金融资产损益
   4.现金流量套期损益的有效
部分
   5.外币财务报表折算差额                   -250,820,307.37    124,809,863.71
   6.其他
 归属于少数股东的其他综合收益
的税后净额
七、综合收益总额                        22,533,154,170.86 21,675,442,630.48
 归属于母公司所有者的综合收益                 22,519,452,354.10 21,518,849,518.83
总额
 归属于少数股东的综合收益总额                    13,701,816.76     156,593,111.65
八、每股收益：
 （一）基本每股收益(元/股)                           1.0119            0.9446
 （二）稀释每股收益(元/股)                           1.0119            0.9446

法定代表人：卢纯 主管会计工作负责人：谢峰 会计机构负责人：李爱军


                母公司利润表
               2017 年 1—12 月
                                              单位:元     币种:人民币
                      附注
       项目                         本期发生额              上期发生额
                      十七
一、营业收入                4         25,454,604,306.17 24,700,409,084.97
 减：营业成本               4          9,179,918,358.62 9,010,747,122.58
   税金及附加                           535,705,035.67    623,707,638.61
   销售费用                              8,424,736.25      3,413,754.96
   管理费用                            468,280,205.25    544,942,418.14
   财务费用                          2,492,373,950.12 2,298,496,006.49
   资产减值损失                          197,297,388.40     65,839,217.79
 加：公允价值变动收益（损失以“－”                     -23,435.00         30,235.00
                     69 / 206
                   2017 年年度报告



号填列）
     投资收益（损失以“－”号填列） 5           2,019,030,717.51   1,221,592,090.56
     其中：对联营企业和合营企业的 5            1,017,276,352.28     927,495,172.16
投资收益
     资产处置收益（损失以“－”号                -40,616,573.46     21,071,386.95
填列）
     其他收益                          953,940,241.61
二、营业利润（亏损以“－”号填列）               15,504,935,582.52 13,395,956,638.91
  加：营业外收入                              167,288.85 1,312,734,682.51
  减：营业外支出                          420,801,977.49     15,028,025.33
三、利润总额（亏损总额以“－”号填               15,084,300,893.88 14,693,663,296.09
列）
   减：所得税费用                       3,451,596,988.57 3,379,322,516.56
四、净利润（净亏损以“－”号填列）               11,632,703,905.31 11,314,340,779.53
   (一)持续经营净利润（净亏损以              11,632,703,905.31 11,314,340,779.53
“－”号填列）
   （二）终止经营净利润（净亏损以
“－”号填列）
五、其他综合收益的税后净额                     827,499,512.00     669,964,761.71
  （一）以后不能重分类进损益的其他                    979,847.82
综合收益
   1.重新计量设定受益计划净负债
或净资产的变动
   2.权益法下在被投资单位不能重分                   979,847.82
类进损益的其他综合收益中享有的份
额
  （二）以后将重分类进损益的其他综                826,519,664.18     669,964,761.71
合收益
   1.权益法下在被投资单位以后将                111,440,874.23       -7,635,617.19
重分类进损益的其他综合收益中享有
的份额
   2.可供出售金融资产公允价值变                715,078,789.95     677,600,378.90
动损益
   3.持有至到期投资重分类为可供
出售金融资产损益
   4.现金流量套期损益的有效部分
   5.外币财务报表折算差额
   6.其他
六、综合收益总额                        12,460,203,417.31 11,984,305,541.24
七、每股收益：
   （一）基本每股收益(元/股)
   （二）稀释每股收益(元/股)

                     70 / 206
                  2017 年年度报告



法定代表人：卢纯 主管会计工作负责人：谢峰 会计机构负责人：李爱军

                 合并现金流量表
                 2017 年 1—12 月
                                       单位：元 币种：人民币
      项目         附注七              本期发生额    上期发生额
一、经营活动产生的现金流量：
 销售商品、提供劳务收到的现                   58,277,210,212.78   57,256,635,482.06
金
 客户存款和同业存放款项净增
加额
 向中央银行借款净增加额
 向其他金融机构拆入资金净增
加额
 收到原保险合同保费取得的现
金
 收到再保险业务现金净额
 保户储金及投资款净增加额
 处置以公允价值计量且其变动
计入当期损益的金融资产净增加
额
 收取利息、手续费及佣金的现
金
 拆入资金净增加额
 回购业务资金净增加额
 收到的税费返还                          2,290,638,487.36    2,870,679,180.56
 收到其他与经营活动有关的现   75                 145,752,628.57      234,185,536.21
金
  经营活动现金流入小计                     60,713,601,328.71   60,361,500,198.83
 购买商品、接受劳务支付的现                    5,587,330,639.12    6,138,261,726.50
金
 客户贷款及垫款净增加额
 存放中央银行和同业款项净增
加额
 支付原保险合同赔付款项的现
金
 支付利息、手续费及佣金的现
金
 支付保单红利的现金
 支付给职工以及为职工支付的                    1,781,023,829.38    1,733,924,945.78
现金
 支付的各项税费                         13,288,208,533.14   13,262,996,901.53
 支付其他与经营活动有关的现   75                 363,873,260.58      236,485,430.72
                      71 / 206
                 2017 年年度报告



金
  经营活动现金流出小计                     21,020,436,262.22    21,371,669,004.53
   经营活动产生的现金流量   76              39,693,165,066.49    38,989,831,194.30
净额
二、投资活动产生的现金流量：
 收回投资收到的现金                       70,292,144,761.87     1,515,109,446.79
 取得投资收益收到的现金                        762,806,569.46       709,120,150.35
 处置固定资产、无形资产和其                        4,695,408.36        25,010,567.18
他长期资产收回的现金净额
 处置子公司及其他营业单位收
到的现金净额
 收到其他与投资活动有关的现
金
  投资活动现金流入小计                     71,059,646,739.69     2,249,240,164.32
 购建固定资产、无形资产和其                    2,556,286,940.01     2,253,519,305.67
他长期资产支付的现金
 投资支付的现金                         78,018,248,939.67     6,253,138,308.63
 质押贷款净增加额
 取得子公司及其他营业单位支                                        37,455,158,900.00
付的现金净额
 支付其他与投资活动有关的现   75                 280,287,924.17       517,165,804.83
金
  投资活动现金流出小计                     80,854,823,803.85     46,478,982,319.13
   投资活动产生的现金流量                   -9,795,177,064.16    -44,229,742,154.81
净额
三、筹资活动产生的现金流量：
 吸收投资收到的现金                           88,200,000.00    24,325,456,000.00
 其中：子公司吸收少数股东投                       88,200,000.00       308,000,000.00
资收到的现金
 取得借款收到的现金                       70,120,000,000.00    75,232,606,284.47
 发行债券收到的现金
 收到其他与筹资活动有关的现   75
金
  筹资活动现金流入小计                     70,208,200,000.00    99,558,062,284.47
 偿还债务支付的现金                       64,931,190,887.00    68,896,499,540.06
 分配股利、利润或偿付利息支                   19,591,328,944.73    17,346,041,596.52
付的现金
 其中：子公司支付给少数股东                          148,344.32     2,056,651,949.97
的股利、利润
 支付其他与筹资活动有关的现   75              13,718,193,325.23     9,245,208,019.01
金
  筹资活动现金流出小计                      98,240,713,156.96   95,487,749,155.59
   筹资活动产生的现金流量                   -28,032,513,156.96    4,070,313,128.88
                      72 / 206
                   2017 年年度报告



净额
四、汇率变动对现金及现金等价                       -34,999,823.89        9,724,806.29
物的影响
五、现金及现金等价物净增加额    76               1,830,475,021.48   -1,159,873,025.34
 加：期初现金及现金等价物余    76               3,369,758,251.34    4,529,631,276.68
额
六、期末现金及现金等价物余额    76               5,200,233,272.82    3,369,758,251.34

法定代表人：卢纯 主管会计工作负责人：谢峰 会计机构负责人：李爱军


                 母公司现金流量表
                 2017 年 1—12 月
                                                  单位:元 币种:人民币
       项目          附注              本期发生额              上期发生额
一、经营活动产生的现金流量：
 销售商品、提供劳务收到的现                    30,021,354,526.53   29,153,995,896.21
金
 收到的税费返还                            953,940,241.61     1,312,526,677.47
 收到其他与经营活动有关的现                       94,443,517.72        94,855,368.38
金
  经营活动现金流入小计                      31,069,738,285.86   30,561,377,942.06
 购买商品、接受劳务支付的现                     2,596,327,793.13    2,464,411,443.32
金
 支付给职工以及为职工支付的                     1,097,029,488.53    1,248,185,827.98
现金
 支付的各项税费                           8,006,469,682.18    8,044,930,841.17
 支付其他与经营活动有关的现                       219,127,673.44      110,845,835.51
金
  经营活动现金流出小计                      11,918,954,637.28   11,868,373,947.98
 经营活动产生的现金流量净额                    19,150,783,648.58   18,693,003,994.08
二、投资活动产生的现金流量：
 收回投资收到的现金                        57,533,400,499.89
 取得投资收益收到的现金                         642,478,737.64     627,142,457.67
 处置固定资产、无形资产和其                           198,140.80      24,652,182.60
他长期资产收回的现金净额
 处置子公司及其他营业单位收
到的现金净额
 收到其他与投资活动有关的现                          824,023.49
金
  投资活动现金流入小计                      58,176,901,401.82     651,794,640.27
 购建固定资产、无形资产和其                       304,379,356.20     293,185,393.11
他长期资产支付的现金
                       73 / 206
                 2017 年年度报告



 投资支付的现金                      64,345,889,274.11    39,632,251,959.29
 取得子公司及其他营业单位支
付的现金净额
 支付其他与投资活动有关的现                                        477,168,900.00
金
  投资活动现金流出小计                  64,650,268,630.31     40,402,606,252.40
   投资活动产生的现金流量                -6,473,367,228.49    -39,750,811,612.13
净额
三、筹资活动产生的现金流量：
 吸收投资收到的现金                                         24,017,456,000.00
 取得借款收到的现金                    49,410,000,000.00    44,650,000,000.00
 发行债券收到的现金
 收到其他与筹资活动有关的现
金
  筹资活动现金流入小计                  49,410,000,000.00    68,667,456,000.00
 偿还债务支付的现金                    42,303,190,887.00    39,708,331,750.16
 分配股利、利润或偿付利息支                18,159,696,032.52     9,969,650,720.52
付的现金
 支付其他与筹资活动有关的现                    32,979,609.41       113,834,842.11
金
  筹资活动现金流出小计                   60,495,866,528.93   49,791,817,312.79
   筹资活动产生的现金流量                -11,085,866,528.93   18,875,638,687.21
净额
四、汇率变动对现金及现金等价
物的影响
五、现金及现金等价物净增加额                 1,591,549,891.16     -2,182,168,930.84
 加：期初现金及现金等价物余                 1,018,290,573.82      3,200,459,504.66
额
六、期末现金及现金等价物余额                 2,609,840,464.98     1,018,290,573.82

法定代表人：卢纯 主管会计工作负责人：谢峰 会计机构负责人：李爱军




                   74 / 206
                                                                        2017 年年度报告




                                                              合并所有者权益变动表
                                                               2017 年 1—12 月
                                                                                                                                            单位:元              币种:人民币
                                                                                             本期

                                                                 归属于母公司所有者权益

 项目                          其他权益
                                                                                                                                                              所有者权益合
                              工具                         减：                                                      一般                        少数股东权益
                                                              其他综合收                                                                                             计
            股本               优 永     资本公积                库存                          专项储备    盈余公积                风险   未分配利润
                                 其                              益
                             先 续                         股                                                       准备
                                 他
                             股 债
一、上年期    22,000,000,000.00           44,252,595,253.07         3,440,409,201.90              19,463,936,245.63         39,042,244,267.58     327,177,270.68    128,526,362,238.86
末余额
加：会计政
策变更
    前期
差错更正
    同一
控制下企
业合并
    其他
二、本年期    22,000,000,000.00           44,252,595,253.07         3,440,409,201.90              19,463,936,245.63         39,042,244,267.58     327,177,270.68    128,526,362,238.86
初余额
三、本期增                                   70,315,244.72           258,541,029.20                2,326,540,781.06          4,246,870,543.84      90,207,961.46      6,992,475,560.28
减变动金
额（减少以
“－”号填
列）
（一）综合                                                           258,541,029.20                                         22,260,911,324.90      13,701,816.76     22,533,154,170.86
收益总额
（二）所有                                     1,995,033.31                                                                                        76,654,489.01        78,649,522.32
者投入和

                                                                                  75 / 206
                       2017 年年度报告




减少资本
1．股东投                                                                       88,200,000.00        88,200,000.00
入的普通
股
2．其他权
益工具持
有者投入
资本
3．股份支
付计入所
有者权益
的金额
4．其他    1,995,033.31                                                        -11,545,510.99        -9,550,477.68
（三）利润                               2,326,540,781.06   -18,014,040,781.06     -148,344.31    -15,687,648,344.31
分配
1．提取盈                               2,326,540,781.06    -2,326,540,781.06
余公积
2．提取一
般风险准
备
3．对所有                                                  -15,687,500,000.00     -148,344.31    -15,687,648,344.31
者（或股
东）的分配
4．其他
（四）所有
者权益内
部结转
1．资本公
积转增资
本（或股
本）
2．盈余公
积转增资
本（或股
本）
3．盈余公
                         76 / 206
                                                                       2017 年年度报告




积弥补亏
损
4．其他
（五）专项
储备
1．本期提                                                                                 1,906,118.63                                                                              1,906,118.63
取
2．本期使                                                                                 1,906,118.63                                                                              1,906,118.63
用
（六）其他                                   68,320,211.41                                                                                                                         68,320,211.41
四、本期期   22,000,000,000.00           44,322,910,497.79         3,698,950,231.10                       21,790,477,026.69        43,289,114,811.42        417,385,232.14     135,518,837,799.14
末余额



                                                                                                     上期

                                                                归属于母公司所有者权益

                            其他权益
 项目                                                                                                                                                                      所有者权益合
                             工具                         减：                                                               一般                        少数股东权益
                                                             其他综合收                                                                                                         计
           股本               优 永     资本公积                库存                         专项储备              盈余公积                风险   未分配利润
                                其                              益
                            先 续                         股                                                                准备
                                他
                            股 债
一、上年期   16,500,000,000.00           52,349,171,977.42        2,702,742,280.40                        17,201,068,089.73         32,012,739,500.22    12,650,482,492.03    133,416,204,339.80
末余额
加：会计政
策变更
   前期
差错更正
   同一
控制下企
业合并
   其他
二、本年期   16,500,000,000.00           52,349,171,977.42        2,702,742,280.40                        17,201,068,089.73         32,012,739,500.22    12,650,482,492.03    133,416,204,339.80
初余额
三、本期增    5,500,000,000.00           -8,096,576,724.35          737,666,921.50                         2,262,868,155.90          7,029,504,767.36    -12,323,305,221.35     -4,889,842,100.94

                                                                                 77 / 206
                                                       2017 年年度报告




减变动金
额（减少以
“－”号填
列）
（一）综合                                           737,666,921.50                                 20,781,182,597.33       156,593,111.65    21,675,442,630.48
收益总额
（二）所有   5,500,000,000.00    -8,227,454,969.39                                                                       -10,423,246,383.03   -13,150,701,352.42
者投入和
减少资本
1．股东投   5,500,000,000.00   60,796,456,000.00                                                                           308,000,000.00    66,604,456,000.00
入的普通
股
2．其他权
益工具持
有者投入
资本
3．股份支
付计入所
有者权益
的金额
4．其他                       -69,023,910,969.39                                                                       -10,731,246,383.03   -79,755,157,352.42
（三）利润                                                                       2,262,868,155.90   -13,751,677,829.97    -2,056,651,949.97   -13,545,461,624.04
分配
1．提取盈                                                                       2,262,868,155.90    -2,262,868,155.90
余公积
2．提取一
般风险准
备
3．对所有                                                                                          -11,488,809,674.07    -2,056,651,949.97   -13,545,461,624.04
者（或股
东）的分配
4．其他
（四）所有
者权益内
部结转
1．资本公
                                                                 78 / 206
