                     2018 年年度报告



  我们与治理层就计划的审计范围、时间安排和重大审计发现等事项进行沟通，包括沟通
我们在审计中识别出的值得关注的内部控制缺陷。

  我们还就已遵守与独立性相关的职业道德要求向治理层提供声明，并与治理层沟通可能
被合理认为影响我们独立性的所有关系和其他事项，以及相关的防范措施（如适用）。

  从与治理层沟通过的事项中，我们确定哪些事项对本期财务报表审计最为重要，因而构
成关键审计事项。我们在审计报告中描述这些事项，除非法律法规禁止公开披露这些事项，
或在极少数情形下，如果合理预期在审计报告中沟通某事项造成的负面后果超过在公众利益
方面产生的益处，我们确定不应在审计报告中沟通该事项。




信永中和会计师事务所(特殊普通合伙)           中国注册会计师： 詹军

                             （项目合伙人）




                             中国注册会计师： 邱欣



      中国   北京                二○一九年四月二十六日




                       55 / 197
                        2018 年年度报告


二、财务报表
                   合并资产负债表
                  2018 年 12 月 31 日
编制单位: 中国长江电力股份有限公司
                                                              单位:元 币种:人民币
          项目             附注七                 期末余额                 期初余额
流动资产：
 货币资金                    1                 5,336,881,040.54      5,201,453,446.62
 结算备付金
 拆出资金
 以公允价值计量且其变动计入当期损        2                                             10,270.00
益的金融资产
 衍生金融资产
 应收票据及应收账款               4                 2,629,743,599.80      3,290,150,306.64
 其中：应收票据                                       3,669,800.00         77,050,000.00
    应收账款                                   2,626,073,799.80      3,213,100,306.64
 预付款项                    5                    10,236,070.68         30,042,910.75
 应收保费
 应收分保账款
 应收分保合同准备金
 其他应收款                   6                   79,980,202.10        354,337,487.47
 其中：应收利息
    应收股利                                     53,218,435.00        159,874,360.70
 买入返售金融资产
 存货                      7                  219,192,463.11        257,031,170.41
 持有待售资产
 一年内到期的非流动资产
 其他流动资产                  10                1,208,912,001.01      1,054,153,686.40
  流动资产合计                                   9,484,945,377.24     10,187,179,278.29
非流动资产：
 发放贷款和垫款
 可供出售金融资产                11               18,123,005,437.90     15,633,047,846.31
 持有至到期投资
 长期应收款
 长期股权投资                  14               21,487,030,925.49     16,155,838,409.97
 投资性房地产                  15                   28,645,291.37         29,737,737.37
 固定资产                    16              237,911,888,113.03    249,701,555,128.18
 在建工程                    17                6,691,666,262.44      6,096,970,422.74
 生产性生物资产
 油气资产
 无形资产                    20                 181,080,566.35        169,620,516.28
 开发支出
 商誉
 长期待摊费用                  23                    1,401,259.24
 递延所得税资产                 24                  343,651,385.13        168,918,053.85
 其他非流动资产                 25                1,243,674,027.34      1,255,352,722.43
  非流动资产合计                                286,012,043,268.29    289,211,040,837.13
   资产总计                                  295,496,988,645.53    299,398,220,115.42
流动负债：
                              56 / 197
                    2018 年年度报告


 短期借款                26               12,700,000,000.00    19,005,000,000.00
 向中央银行借款
 吸收存款及同业存放
 拆入资金
 以公允价值计量且其变动计入当期损    27                 492,164,591.91       513,947,206.47
益的金融负债
 衍生金融负债
 应付票据及应付账款           29                 146,054,236.74       188,459,616.00
 预收款项                30                   9,789,564.53        10,378,175.16
 卖出回购金融资产款
 应付手续费及佣金
 应付职工薪酬              31                  104,036,148.53        90,162,772.29
 应交税费                32                2,244,216,343.78     2,212,591,349.13
 其他应付款               33               19,336,945,056.05    20,676,101,641.76
 其中：应付利息                                 685,700,683.53       665,289,460.60
    应付股利
 应付分保账款
 保险合同准备金
 代理买卖证券款
 代理承销证券款
 持有待售负债
 一年内到期的非流动负债         35               15,297,687,123.29    13,507,522,151.39
 其他流动负债              36                6,496,298,972.17     3,498,822,877.35
  流动负债合计                              56,827,192,037.00    59,702,985,789.55
非流动负债：
 长期借款                37               26,000,000,000.00    31,500,000,000.00
 应付债券                38               34,265,894,787.06    30,151,107,574.75
 其中：优先股
    永续债
 长期应付款               39               34,632,945,436.94    41,232,945,436.94
 长期应付职工薪酬
 预计负债
 递延收益                42                    6,229,112.34
 递延所得税负债             24                1,080,174,205.16     1,292,343,515.04
 其他非流动负债
  非流动负债合计                             95,985,243,541.50   104,176,396,526.73
   负债合计                              152,812,435,578.50   163,879,382,316.28
所有者权益（或股东权益）：
 实收资本（或股本）           44               22,000,000,000.00    22,000,000,000.00
 其他权益工具
 其中：优先股
    永续债
 资本公积                46               44,295,503,166.39    44,322,910,497.79
 减：库存股
 其他综合收益              48                3,187,914,292.67     3,698,950,231.10
 专项储备
 盈余公积                50               24,319,522,433.93    21,790,477,026.69
 一般风险准备
 未分配利润               51               48,400,469,257.13    43,289,114,811.42
                          57 / 197
                     2018 年年度报告


 归属于母公司所有者权益合计                        142,203,409,150.12    135,101,452,567.00
 少数股东权益                                   481,143,916.91        417,385,232.14
  所有者权益（或股东权益）合计                      142,684,553,067.03    135,518,837,799.14
   负债和所有者权益（或股东权益）                    295,496,988,645.53    299,398,220,115.42
总计

法定代表人：雷鸣山    主管会计工作负责人：詹平原                      会计机构负责人：李爱军


                    母公司资产负债表
                    2018 年 12 月 31 日
编制单位:中国长江电力股份有限公司
                                                           单位:元 币种:人民币
                        附注
        项目                                期末余额                  期初余额
                        十七
流动资产：
 货币资金                                   3,359,038,785.81      2,609,840,464.98
 以公允价值计量且其变动计入当期损                                                    10,270.00
益的金融资产
 衍生金融资产
 应收票据及应收账款             1                1,506,309,191.98      1,666,916,006.70
 其中：应收票据                                    3,400,000.00         76,600,000.00
    应收账款                                1,502,909,191.98      1,590,316,006.70
 预付款项                                      10,236,070.68         22,804,675.10
 其他应收款                 2                   58,037,615.00        332,109,451.95
 其中：应收利息
    应收股利                                  53,218,435.00         159,874,360.70
 存货                                      115,202,488.91         131,214,636.29
 持有待售资产
 一年内到期的非流动资产
 其他流动资产                                   802,691,262.48        530,720,105.77
  流动资产合计                                5,851,515,414.86      5,293,615,610.79
非流动资产：
 可供出售金融资产                              14,997,414,469.87     13,167,384,094.96
 持有至到期投资
 长期应收款
 长期股权投资                3               59,779,185,817.70     54,079,998,092.72
 投资性房地产                                    28,645,291.37         29,737,737.37
 固定资产                                 101,489,823,239.49    107,110,132,705.97
 在建工程                                     814,173,962.88        226,633,878.52
 生产性生物资产
 油气资产
 无形资产                                     76,402,026.46          64,321,296.96
 开发支出
 商誉
 长期待摊费用
 递延所得税资产                                  107,063,567.17        135,822,316.83
 其他非流动资产                                   18,686,050.22
  非流动资产合计                             177,311,394,425.16    174,814,030,123.33
                           58 / 197
                 2018 年年度报告


   资产总计                         183,162,909,840.02   180,107,645,734.12
流动负债：
 短期借款                             6,805,000,000.00    18,390,000,000.00
 以公允价值计量且其变动计入当期损
益的金融负债
 衍生金融负债
 应付票据及应付账款                          109,868,590.75       106,121,975.57
 预收款项                                 8,826,393.50         8,597,701.82
 应付职工薪酬                              88,122,893.98        81,431,453.60
 应交税费                             1,419,344,514.97     1,317,137,611.28
 其他应付款                            1,463,308,435.35     1,746,843,279.30
 其中：应付利息                            604,691,196.00       565,961,120.33
    应付股利
 持有待售负债
 一年内到期的非流动负债                      3,497,687,123.29        11,713,811.59
 其他流动负债                           6,496,298,972.17     3,498,822,877.35
  流动负债合计                         19,888,456,924.01    25,160,668,710.51
非流动负债：
 长期借款                            19,000,000,000.00    11,300,000,000.00
 应付债券                            30,939,089,077.63    26,926,840,150.88
 其中：优先股
    永续债
 长期应付款
 长期应付职工薪酬
 预计负债
 递延收益
 递延所得税负债                          1,087,014,959.58     1,293,954,923.35
 其他非流动负债
  非流动负债合计                        51,026,104,037.21    39,520,795,074.23
   负债合计                          70,914,560,961.22    64,681,463,784.74
所有者权益（或股东权益）：
 实收资本（或股本）                       22,000,000,000.00    22,000,000,000.00
 其他权益工具
 其中：优先股
    永续债
 资本公积                            46,853,868,130.51    46,871,371,592.55
 减：库存股
 其他综合收益                           3,240,207,021.24     4,077,712,906.93
 专项储备
 盈余公积                            22,934,762,401.97    20,405,716,994.73
 未分配利润                           17,219,511,325.08    22,071,380,455.17
  所有者权益（或股东权益）合计                112,248,348,878.80   115,426,181,949.38
   负债和所有者权益（或股东权益）              183,162,909,840.02   180,107,645,734.12
总计

法定代表人：雷鸣山   主管会计工作负责人：詹平原                   会计机构负责人：李爱军




                     59 / 197
                   2018 年年度报告




                    合并利润表
                  2018 年 1—12 月
                                                单位:元 币种:人民币
         项目          附注七           本期发生额             上期发生额
一、营业总收入                         51,213,965,746.52 50,145,503,769.62
其中：营业收入             52          51,213,965,746.52 50,145,503,769.62
    利息收入
    已赚保费
    手续费及佣金收入
二、营业总成本                         27,290,622,111.50   27,470,583,726.11
其中：营业成本             52          19,005,155,553.67   19,453,733,721.49
    利息支出
    手续费及佣金支出
    退保金
    赔付支出净额
    提取保险合同准备金净额
    保单红利支出
    分保费用
    税金及附加           53           1,288,501,782.23    1,056,013,345.97
    销售费用            54              25,031,690.50       19,125,791.60
    管理费用            55             800,645,932.82      811,615,804.10
    研发费用            56              42,489,564.24       28,821,489.36
    财务费用            57           5,853,945,835.19    5,896,659,769.17
    其中：利息费用                      5,922,238,642.38    6,141,175,864.31
       利息收入                         75,978,656.86       68,518,471.93
    资产减值损失          58             274,851,752.85      204,613,804.42
 加：其他收益             59             718,125,034.37    2,291,983,292.83
    投资收益（损失以“－”号填列） 60           2,707,047,532.57    2,311,700,052.64
    其中：对联营企业和合营企业的投              1,448,835,963.60    1,142,841,155.81
资收益
    公允价值变动收益（损失以“－” 61             36,493,396.71      -164,323,157.23
号填列）
    资产处置收益（损失以“－”号填 62              7,060,530.24      -37,373,018.98
列）
    汇兑收益（损失以“－”号填列）
三、营业利润（亏损以“－”号填列）               27,392,070,128.91   27,076,907,212.77
 加：营业外收入            63              11,862,727.24          536,342.41
 减：营业外支出            64             396,826,704.51      423,054,664.46
四、利润总额（亏损总额以“－”号填列）             27,007,106,151.64   26,654,388,890.72
 减：所得税费用            65           4,363,554,880.40    4,379,775,749.06
五、净利润（净亏损以“－”号填列）               22,643,551,271.24   22,274,613,141.66
 （一）按经营持续性分类                    22,643,551,271.24   22,274,613,141.66
  1.持续经营净利润（净亏损以“－”             22,643,551,271.24   22,222,563,683.80
号填列）
  2.终止经营净利润（净亏损以“－”                                    52,049,457.86
号填列）
 （二）按所有权归属分类                    22,643,551,271.24   22,274,613,141.66
  1.归属于母公司股东的净利润                22,610,936,420.39   22,260,911,324.90
                     60 / 197
                      2018 年年度报告


  2.少数股东损益                             32,614,850.85      13,701,816.76
六、其他综合收益的税后净额                        -508,649,037.87     258,541,029.20
 归属母公司所有者的其他综合收益的                    -511,035,938.43     258,541,029.20
税后净额
  （一）不能重分类进损益的其他综合                    -3,810,441.43         1,298,298.37
收益
    1.重新计量设定受益计划变动额
    2.权益法下不能转损益的其他综                   -3,810,441.43         1,298,298.37
合收益
  （二）将重分类进损益的其他综合收                   -507,225,497.00     257,242,730.83
益
    1.权益法下可转损益的其他综合                  -245,100,018.87     -25,521,863.73
收益
    2.可供出售金融资产公允价值变                  -341,801,484.12     533,584,901.93
动损益
    3.持有至到期投资重分类为可供
出售金融资产损益
    4.现金流量套期损益的有效部分
    5.外币财务报表折算差额                      79,676,005.99      -250,820,307.37
    6.其他
 归属于少数股东的其他综合收益的税                      2,386,900.56
后净额
七、综合收益总额                           22,134,902,233.37   22,533,154,170.86
 归属于母公司所有者的综合收益总额                  22,099,900,481.96   22,519,452,354.10
 归属于少数股东的综合收益总额                        35,001,751.41       13,701,816.76
八、每股收益：
 （一）基本每股收益(元/股)                              1.0278              1.0119
 （二）稀释每股收益(元/股)                              1.0278              1.0119

本期发生同一控制下企业合并的，被合并方在合并前实现的净利润为：0 元, 上期被合并方实现
的净利润为：0 元。
法定代表人：雷鸣山    主管会计工作负责人：詹平原   会计机构负责人：李爱军


                   母公司利润表
                  2018 年 1—12 月
                                                   单位:元 币种:人民币
         项目            附注十七           本期发生额             上期发生额
一、营业收入                 4           26,367,691,030.01 25,453,644,649.42
 减：营业成本                4            9,165,059,259.03  9,179,918,358.62
   税金及附加                              536,465,232.39    535,705,035.67
   销售费用                                12,169,707.63      8,424,736.25
   管理费用                               465,358,419.12    440,904,470.16
   研发费用                                34,810,579.60     27,375,735.09
   财务费用                             2,685,222,220.89  2,492,373,950.12
   其中：利息费用                          2,798,650,097.11  2,513,395,063.82
       利息收入                            57,233,200.69     33,097,533.61
   资产减值损失                               8,988,866.14    197,297,388.40
 加：其他收益                               513,594,616.72    954,899,898.36

                        61 / 197
                   2018 年年度报告


    投资收益（损失以“－”号填列） 5                2,447,456,872.00    2,019,030,717.51
    其中：对联营企业和合营企业的投                  1,245,656,633.02    1,017,276,352.28
资收益
    公允价值变动收益（损失以“－”                         -6,800.00         -23,435.00
号填列）
    资产处置收益（损失以“－”号填                      7,325,467.08     -40,616,573.46
列）
二、营业利润（亏损以“－”号填列）                   16,427,986,901.01   15,504,935,582.52
 加：营业外收入                                 9,275,907.57          167,288.85
 减：营业外支出                               110,647,842.20      420,801,977.49
三、利润总额（亏损总额以“－”号填列）                 16,326,614,966.38   15,084,300,893.88
  减：所得税费用                            3,681,387,930.14    3,451,596,988.57
四、净利润（净亏损以“－”号填列）                   12,645,227,036.24   11,632,703,905.31
  （一）持续经营净利润（净亏损以                   12,645,227,036.24   11,632,703,905.31
“－”号填列）
  （二）终止经营净利润（净亏损以
“－”号填列）
五、其他综合收益的税后净额                         -837,505,885.69     827,499,512.00
 （一）不能重分类进损益的其他综合收                      -3,304,490.50         979,847.82
益
  1.重新计量设定受益计划变动额
  2.权益法下不能转损益的其他综合                      -3,304,490.50         979,847.82
收益
 （二）将重分类进损益的其他综合收益                    -834,201,395.19     826,519,664.18
  1.权益法下可转损益的其他综合收                    -187,843,534.93     111,440,874.23
益
  2.可供出售金融资产公允价值变动                    -646,357,860.26     715,078,789.95
损益
  3.持有至到期投资重分类为可供出
售金融资产损益
  4.现金流量套期损益的有效部分
  5.外币财务报表折算差额
  6.其他
六、综合收益总额                            11,807,721,150.55   12,460,203,417.31
七、每股收益：
  （一）基本每股收益(元/股)
  （二）稀释每股收益(元/股)

法定代表人：雷鸣山     主管会计工作负责人：詹平原                   会计机构负责人：李爱军




                   合并现金流量表
                   2018 年 1—12 月
                                                  单位：元 币种：人民币
       项目          附注七               本期发生额            上期发生额
一、经营活动产生的现金流量：
 销售商品、提供劳务收到的现金                    60,109,682,551.25    58,277,210,212.78

                        62 / 197
                   2018 年年度报告


 客户存款和同业存放款项净增加额
 向中央银行借款净增加额
 向其他金融机构拆入资金净增加额
 收到原保险合同保费取得的现金
 收到再保险业务现金净额
 保户储金及投资款净增加额
 处置以公允价值计量且其变动计入
当期损益的金融资产净增加额
 收取利息、手续费及佣金的现金
 拆入资金净增加额
 回购业务资金净增加额
 收到的税费返还                              598,288,870.92    2,290,638,487.36
 收到其他与经营活动有关的现金    67                 132,341,239.42      145,752,628.57
  经营活动现金流入小计                       60,840,312,661.59   60,713,601,328.71
 购买商品、接受劳务支付的现金                     5,415,244,449.06    5,587,330,639.12
 客户贷款及垫款净增加额
 存放中央银行和同业款项净增加额
 支付原保险合同赔付款项的现金
 支付利息、手续费及佣金的现金
 支付保单红利的现金
 支付给职工以及为职工支付的现金                    1,550,359,853.36    1,781,023,829.38
 支付的各项税费                           13,430,690,798.93   13,288,208,533.14
 支付其他与经营活动有关的现金    67                 707,351,145.43      363,873,260.58
  经营活动现金流出小计                       21,103,646,246.78   21,020,436,262.22
   经营活动产生的现金流量净额                   39,736,666,414.81   39,693,165,066.49
二、投资活动产生的现金流量：
 收回投资收到的现金                         57,767,277,237.59   70,292,144,761.87
 取得投资收益收到的现金                        1,073,519,362.92      762,806,569.46
 处置固定资产、无形资产和其他长                          925,078.90        4,695,408.36
期资产收回的现金净额
 处置子公司及其他营业单位收到的
现金净额
 收到其他与投资活动有关的现金
  投资活动现金流入小计                       58,841,721,679.41   71,059,646,739.69
 购建固定资产、无形资产和其他长                    3,118,888,618.75    2,556,286,940.01
期资产支付的现金
 投资支付的现金                           64,948,937,631.78   78,018,248,939.67
 质押贷款净增加额
 取得子公司及其他营业单位支付的
现金净额
 支付其他与投资活动有关的现金    67                                     280,287,924.17
  投资活动现金流出小计                       68,067,826,250.53   80,854,823,803.85
   投资活动产生的现金流量净额                   -9,226,104,571.12   -9,795,177,064.16
三、筹资活动产生的现金流量：
 吸收投资收到的现金                            27,495,083.32       88,200,000.00
 其中：子公司吸收少数股东投资收                      27,495,083.32       88,200,000.00
到的现金
 取得借款收到的现金                         73,096,200,000.00   70,120,000,000.00
 发行债券收到的现金
                        63 / 197
                    2018 年年度报告


 收到其他与筹资活动有关的现金
  筹资活动现金流入小计                         73,123,695,083.32     70,208,200,000.00
 偿还债务支付的现金                           73,156,600,699.31     64,931,190,887.00
 分配股利、利润或偿付利息支付的                     18,946,766,585.68     19,591,328,944.73
现金
 其中：子公司支付给少数股东的股                         1,416,347.61            148,344.32
利、利润
 支付其他与筹资活动有关的现金    67                11,493,584,948.50     13,718,193,325.23
  筹资活动现金流出小计                        103,596,952,233.49     98,240,713,156.96
   筹资活动产生的现金流量净额                    -30,473,257,150.17    -28,032,513,156.96
四、汇率变动对现金及现金等价物的                         96,947,209.70        -34,999,823.89
影响
五、现金及现金等价物净增加额     68                   134,251,903.22      1,830,475,021.48
 加：期初现金及现金等价物余额    68                 5,200,233,272.82      3,369,758,251.34
六、期末现金及现金等价物余额     68                 5,334,485,176.04      5,200,233,272.82

法定代表人：雷鸣山   主管会计工作负责人：詹平原                        会计机构负责人：李爱军


                   母公司现金流量表
                   2018 年 1—12 月
                                                         单位:元 币种:人民币
       项目               附注             本期发生额                上期发生额
一、经营活动产生的现金流量：
 销售商品、提供劳务收到的现金                      30,735,171,196.07    30,021,354,526.53
 收到的税费返还                                512,197,382.02       953,940,241.61
 收到其他与经营活动有关的现金                         110,889,904.62        94,443,517.72
  经营活动现金流入小计                         31,358,258,482.71    31,069,738,285.86
 购买商品、接受劳务支付的现金                       2,777,854,851.02     2,596,327,793.13
 支付给职工以及为职工支付的现金                        990,594,479.87     1,097,029,488.53
 支付的各项税费                              8,254,559,646.18     8,006,469,682.18
 支付其他与经营活动有关的现金                         553,793,052.93       219,127,673.44
  经营活动现金流出小计                         12,576,802,030.00    11,918,954,637.28
 经营活动产生的现金流量净额                       18,781,456,452.71    19,150,783,648.58
二、投资活动产生的现金流量：
 收回投资收到的现金                           52,196,113,529.62    57,533,400,499.89
 取得投资收益收到的现金                            940,522,275.48       642,478,737.64
 处置固定资产、无形资产和其他长                            126,272.00           198,140.80
期资产收回的现金净额
 处置子公司及其他营业单位收到的
现金净额
 收到其他与投资活动有关的现金                                                  824,023.49
  投资活动现金流入小计                         53,136,762,077.10    58,176,901,401.82
 购建固定资产、无形资产和其他长                        865,245,850.29       304,379,356.20
期资产支付的现金
 投资支付的现金                             59,246,461,247.77    64,345,889,274.11
 取得子公司及其他营业单位支付的
现金净额
 支付其他与投资活动有关的现金
                         64 / 197
                   2018 年年度报告


  投资活动现金流出小计                     60,111,707,098.06    64,650,268,630.31
   投资活动产生的现金流量净额                 -6,974,945,020.96    -6,473,367,228.49
三、筹资活动产生的现金流量：
 吸收投资收到的现金
 取得借款收到的现金                       54,901,200,000.00    49,410,000,000.00
 发行债券收到的现金
 收到其他与筹资活动有关的现金
  筹资活动现金流入小计                     54,901,200,000.00    49,410,000,000.00
 偿还债务支付的现金                       48,301,600,699.31    42,303,190,887.00
 分配股利、利润或偿付利息支付的                 17,719,920,021.44    18,159,696,032.52
现金
 支付其他与筹资活动有关的现金                      25,366,839.58        32,979,609.41
  筹资活动现金流出小计                     66,046,887,560.33    60,495,866,528.93
   筹资活动产生的现金流量净额                -11,145,687,560.33   -11,085,866,528.93
四、汇率变动对现金及现金等价物的                     88,374,449.41
影响
五、现金及现金等价物净增加额                      749,198,320.83     1,591,549,891.16
 加：期初现金及现金等价物余额                   2,609,840,464.98     1,018,290,573.82
六、期末现金及现金等价物余额                    3,359,038,785.81     2,609,840,464.98

法定代表人：雷鸣山   主管会计工作负责人：詹平原                     会计机构负责人：李爱军




                     65 / 197
                                                                    2018 年年度报告



                                                               合并所有者权益变动表
                                                                2018 年 1—12 月
                                                                                                                                           单位:元 币种:人民币
                                                                                              本期

                                                         归属于母公司所有者权益

                               其他权益工具                                                                          一
  项目                                                                                   专                       般                       少数股东权
                                                               减：                                                                                       所有者权益合计
                                                                                       项                       风                         益
                股本             优   永          资本公积             库存   其他综合收益                    盈余公积                  未分配利润
                                       其                                               储                       险
                               先   续                           股
                                       他                                               备                       准
                               股   债
                                                                                                               备
一、上年期末余
           22,000,000,000.00               44,322,910,497.79        3,698,950,231.10       21,790,477,026.69       43,289,114,811.42   417,385,232.14   135,518,837,799.14
额
加：会计政策变
更
   前期差错更
正
   同一控制下
企业合并
   其他
二、本年期初余
           22,000,000,000.00               44,322,910,497.79        3,698,950,231.10       21,790,477,026.69       43,289,114,811.42   417,385,232.14   135,518,837,799.14
额
三、本期增减变
动金额（减少以                                      -27,407,331.40          -511,035,938.43       2,529,045,407.24        5,111,354,445.71    63,758,684.77     7,165,715,267.89
“－”号填列）
（一）综合收益
                                                                     -511,035,938.43                               22,610,936,420.39   35,001,751.41    22,134,902,233.37
总额
（二）所有者投
                                                                                                                     -10,536,567.44    32,444,472.69        21,907,905.25
入和减少资本
1．所有者投入的
                                                                                                                                       29,958,664.34        29,958,664.34
普通股
2．其他权益工具
持有者投入资本



                                                                       66 / 197
                                                         2018 年年度报告

3．股份支付计入
所有者权益的金
额
4．其他                                                                                                     -10,536,567.44    2,485,808.35         -8,050,759.09
（三）利润分配                                                                      2,529,045,407.24        -17,489,045,407.24   -1,416,347.61    -14,961,416,347.61
1．提取盈余公积                                                                     2,529,045,407.24         -2,529,045,407.24
2．提取一般风险
准备
3．对所有者（或
                                                                                                     -14,960,000,000.00   -1,416,347.61    -14,961,416,347.61
股东）的分配
4．其他
（四）所有者权
益内部结转
1．资本公积转增
资本（或股本）
2．盈余公积转增
资本（或股本）
3．盈余公积弥补
亏损
4．设定受益计划
变动额结转留存
收益
5．其他
（五）专项储备
1．本期提取
2．本期使用
（六）其他                                -27,407,331.40                                                                       -2,271,191.72       -29,678,523.12
四、本期期末余
           22,000,000,000.00       44,295,503,166.39      3,187,914,292.67   24,319,522,433.93       48,400,469,257.13    481,143,916.91   142,684,553,067.03
额



                                                                             上期

                                              归属于母公司所有者权益
 项目                                                                                                                       少数股东权
                                                                                                                                           所有者权益合计
                         其他权益工                减：                                                 一                          益
           股本                    资本公积                  其他综合收益        专项储备        盈余公积                  未分配利润
                           具                  库存                                                 般


                                                             67 / 197
                                                                        2018 年年度报告

                                                             股                                              风
                             优   永
                                     其                                                                      险
                             先   续
                                     他                                                                      准
                             股   债
                                                                                                            备
一、上年期
         22,000,000,000.00               44,252,595,253.07       3,440,409,201.90       19,463,936,245.63       39,042,244,267.58    327,177,270.68   128,526,362,238.86
末余额
加：会计政
策变更
   前期
差错更正
   同一
控制下企业
合并
   其他
二、本年期
         22,000,000,000.00               44,252,595,253.07       3,440,409,201.90       19,463,936,245.63       39,042,244,267.58    327,177,270.68   128,526,362,238.86
初余额
三、本期增
减变动金额
（减少以                                        70,315,244.72         258,541,029.20        2,326,540,781.06         4,246,870,543.84    90,207,961.46     6,992,475,560.28
“－”号填
列）
（一）综合
                                                                  258,541,029.20                                22,260,911,324.90    13,701,816.76    22,533,154,170.86
收益总额
（二）所有
者投入和减                                        1,995,033.31                                                                            76,654,489.01        78,649,522.32
少资本
1．所有者投
                                                                                                                                     88,200,000.00        88,200,000.00
入的普通股
2．其他权益
工具持有者
投入资本
3．股份支付
计入所有者
权益的金额
4．其他                                         1,995,033.31                                                                            -11,545,510.99       -9,550,477.68
（三）利润
                                                                                        2,326,540,781.06        -18,014,040,781.06     -148,344.31    -15,687,648,344.31
分配


                                                                             68 / 197
                                                        2018 年年度报告

1．提取盈余
                                                                                   2,326,540,781.06    -2,326,540,781.06
公积
2．提取一般
风险准备
3．对所有者
（或股东）                                                                                                  -15,687,500,000.00     -148,344.31    -15,687,648,344.31
的分配
4．其他
（四）所有
者权益内部
结转
1．资本公积
转增资本
（或股本）
2．盈余公积
转增资本
（或股本）
3．盈余公积
弥补亏损
4．设定受益
计划变动额
结转留存收
益
5．其他
（五）专项
储备
1．本期提取                                                              1,906,118.63                                                                  1,906,118.63
2．本期使用                                                              1,906,118.63                                                                  1,906,118.63
（六）其他                           68,320,211.41                                                                                                    68,320,211.41
四、本期期
         22,000,000,000.00   44,322,910,497.79   3,698,950,231.10                  21,790,477,026.69   43,289,114,811.42    417,385,232.14   135,518,837,799.14
末余额
法定代表人：雷鸣山                        主管会计工作负责人：詹平原                                                 会计机构负责人：李爱军


                                                 母公司所有者权益变动表
                                                   2018 年 1—12 月


                                                             69 / 197
                                                         2018 年年度报告

                                                                                                                               单位:元 币种:人民币
                                                                       本期
                                   其他权益工具                            减：                     专
 项目                                                                  库                      项
              股本                                    资本公积                 其他综合收益                    盈余公积              未分配利润               所有者权益合计
                             优先股    永续债     其他                       存                      储
                                                                     股                      备
一、上年期
         22,000,000,000.00                       46,871,371,592.55       4,077,712,906.93       20,405,716,994.73   22,071,380,455.17    115,426,181,949.38
末余额
加：会计政
策变更
   前期差
错更正
   其他
二、本年期
         22,000,000,000.00                       46,871,371,592.55       4,077,712,906.93       20,405,716,994.73   22,071,380,455.17    115,426,181,949.38
初余额
三、本期增
减变动金额
（减少以                                               -17,503,462.04        -837,505,885.69        2,529,045,407.24    -4,851,869,130.09    -3,177,833,070.58
“－”号填
列）
（一）综合
                                                                         -837,505,885.69                            12,645,227,036.24    11,807,721,150.55
收益总额
（二）所有
者投入和减                                                                                                                   -8,050,759.09        -8,050,759.09
少资本
1．所有者投
入的普通股
2．其他权益
工具持有者
投入资本
3．股份支付
计入所有者
权益的金额
4．其他                                                                                                                    -8,050,759.09        -8,050,759.09
（三）利润
                                                                                                2,529,045,407.24    -17,489,045,407.24   -14,960,000,000.00
分配



                                                              70 / 197
                                                         2018 年年度报告

1．提取盈余
                                                                                                2,529,045,407.24    -2,529,045,407.24
公积
2．对所有者
（或股东）                                                                                                               -14,960,000,000.00   -14,960,000,000.00
的分配
3．其他
（四）所有
者权益内部
结转
1．资本公积
转增资本
（或股本）
2．盈余公积
转增资本
（或股本）
3．盈余公积
弥补亏损
4．设定受益
计划变动额
结转留存收
益
5．其他
（五）专项
储备
1．本期提取
2．本期使用
（六）其他                                              -17,503,462.04                                                                           -17,503,462.04
四、本期期
         22,000,000,000.00                       46,853,868,130.51       3,240,207,021.24       22,934,762,401.97   17,219,511,325.08    112,248,348,878.80
末余额



                                                                       上期
                                   其他权益工具                            减：                     专
  项目                                                                 库                      项
              股本                                    资本公积                 其他综合收益                    盈余公积              未分配利润               所有者权益合计
                             优先股    永续债     其他                       存                      储
                                                                     股                      备



                                                              71 / 197
