                   2019 年年度报告



                            --采用分析性复核的方法，并结合固定资产、
同时，三峡枢纽公共成本及公共设施运行维护费 在建工程等科目的审计分析本年营业成本的
需要在中国长江三峡集团有限公司与贵公司之        合理性；
间进行分摊，涉及贵公司管理层的判断，且金额
对财务报表影响较大；                  --检查三峡枢纽公共成本及公共设施运行维
                            护费相关协议文件；抽查大额凭证，验证相
基于上述原因，我们将营业成本准确性列为关键 关成本发生的真实性及金额的准确性。
审计事项。

  四、    其他信息

 长江电力公司管理层(以下简称管理层)对其他信息负责。其他信息包括长江电力公司 2019
年年度报告中涵盖的信息，但不包括财务报表和我们的审计报告。

 我们对财务报表发表的审计意见不涵盖其他信息，我们也不对其他信息发表任何形式的鉴证
结论。

 结合我们对财务报表的审计，我们的责任是阅读其他信息，在此过程中，考虑其他信息是否
与财务报表或我们在审计过程中了解到的情况存在重大不一致或者似乎存在重大错报。

 基于我们已执行的工作，如果我们确定其他信息存在重大错报，我们应当报告该事实。在这
方面，我们无任何事项需要报告。

  五、    管理层和治理层对财务报表的责任

 管理层负责按照企业会计准则的规定编制财务报表，使其实现公允反映，并设计、执行和维
护必要的内部控制，以使财务报表不存在由于舞弊或错误导致的重大错报。

 在编制财务报表时，管理层负责评估长江电力公司的持续经营能力，披露与持续经营相关的
事项（如适用），并运用持续经营假设，除非管理层计划清算长江电力公司、终止运营或别无其
他现实的选择。

 治理层负责监督长江电力公司的财务报告过程。

  六、    注册会计师对财务报表审计的责任

 我们的目标是对财务报表整体是否不存在由于舞弊或错误导致的重大错报获取合理保证，并
出具包含审计意见的审计报告。合理保证是高水平的保证，但并不能保证按照审计准则执行的审
计在某一重大错报存在时总能发现。错报可能由于舞弊或错误导致，如果合理预期错报单独或汇
总起来可能影响财务报表使用者依据财务报表作出的经济决策，则通常认为错报是重大的。



                     55 / 198
                  2019 年年度报告



 在按照审计准则执行审计工作的过程中，我们运用职业判断，并保持职业怀疑。同时，我们
也执行以下工作：

 （1）   识别和评估由于舞弊或错误导致的财务报表重大错报风险，设计和实施审计程序以
应对这些风险，并获取充分、适当的审计证据，作为发表审计意见的基础。由于舞弊可能涉及串
通、伪造、故意遗漏、虚假陈述或凌驾于内部控制之上，未能发现由于舞弊导致的重大错报的风
险高于未能发现由于错误导致的重大错报的风险。

 （2）   了解与审计相关的内部控制，以设计恰当的审计程序，但目的并非对内部控制的有
效性发表意见。

 （3）   评价管理层选用会计政策的恰当性和作出会计估计及相关披露的合理性。

 （4）   对管理层使用持续经营假设的恰当性得出结论。同时，根据获取的审计证据，就可
能导致对长江电力公司持续经营能力产生重大疑虑的事项或情况是否存在重大不确定性得出结论。
如果我们得出结论认为存在重大不确定性，审计准则要求我们在审计报告中提请报表使用者注意
财务报表中的相关披露；如果披露不充分，我们应当发表非无保留意见。我们的结论基于截至审
计报告日可获得的信息。然而，未来的事项或情况可能导致长江电力公司不能持续经营。

 （5）   评价财务报表的总体列报、结构和内容，并评价财务报表是否公允反映相关交易和
事项。

 （6）   就长江电力公司中实体或业务活动的财务信息获取充分、适当的审计证据，以对财
务报表发表审计意见。我们负责指导、监督和执行集团审计，并对审计意见承担全部责任。

 我们与治理层就计划的审计范围、时间安排和重大审计发现等事项进行沟通，包括沟通我们
在审计中识别出的值得关注的内部控制缺陷。

 我们还就已遵守与独立性相关的职业道德要求向治理层提供声明，并与治理层沟通可能被合
理认为影响我们独立性的所有关系和其他事项，以及相关的防范措施（如适用）。

 从与治理层沟通过的事项中，我们确定哪些事项对本期财务报表审计最为重要，因而构成关
键审计事项。我们在审计报告中描述这些事项，除非法律法规禁止公开披露这些事项，或在极少
数情形下，如果合理预期在审计报告中沟通某事项造成的负面后果超过在公众利益方面产生的益
处，我们确定不应在审计报告中沟通该事项。




                    56 / 198
                          2019 年年度报告


信永中和会计师事务所(特殊普通合伙)                中国注册会计师： 詹军

                                  （项目合伙人）




                                  中国注册会计师： 邱欣




         中国   北京                  二○二○年四月二十八日



二、财务报表
                          合并资产负债表
                  2019 年 12 月 31 日
编制单位: 中国长江电力股份有限公司
                                                          单位:元 币种:人民币
      项目           附注七         2019 年 12 月 31 日            2018 年 12 月 31 日
流动资产：
 货币资金                1                 7,323,452,880.02      5,336,881,040.54
 结算备付金
 拆出资金
 交易性金融资产
 以公允价值计量且其变动
计入当期损益的金融资产
 衍生金融资产
 应收票据                4                     2,560,000.00          3,669,800.00
 应收账款                5                 2,944,436,813.72      2,626,073,799.80
 应收款项融资
 预付款项                7                   14,453,284.98         10,236,070.68
 应收保费
 应收分保账款
 应收分保合同准备金
 其他应收款               8                   68,071,011.56         79,980,202.10
 其中：应收利息
    应收股利                                 50,045,000.00         53,218,435.00
 买入返售金融资产
 存货                  9                  222,400,775.52        219,192,463.11
 持有待售资产
 一年内到期的非流动资产
 其他流动资产              12              459,771,956.64          1,208,912,001.01
  流动资产合计                          11,035,146,722.44          9,484,945,377.24
非流动资产：
 发放贷款和垫款
 债权投资                13                1,148,277,903.43
 可供出售金融资产                                                   18,123,005,437.90
 其他债权投资

                            57 / 198
                    2019 年年度报告


 持有至到期投资
 长期应收款
 长期股权投资        16           40,258,231,503.89      21,487,030,925.49
 其他权益工具投资      17            4,432,380,427.04
 其他非流动金融资产     18            5,812,035,941.91
 投资性房地产        19               27,552,840.37          28,645,291.37
 固定资产          20          226,291,965,212.17     237,911,888,113.03
 在建工程          21            6,880,639,435.66       6,691,666,262.44
 生产性生物资产
 油气资产
 使用权资产
 无形资产          25                191,462,744.50      181,080,566.35
 开发支出
 商誉
 长期待摊费用        28                1,742,787.89           1,401,259.24
 递延所得税资产       29              369,173,036.54         343,651,385.13
 其他非流动资产       30               34,272,485.05       1,243,674,027.34
  非流动资产合计                  285,447,734,318.45     286,012,043,268.29
   资产总计                    296,482,881,040.89     295,496,988,645.53
流动负债：
 短期借款          31           21,308,000,000.00      12,700,000,000.00
 向中央银行借款
 拆入资金
 交易性金融负债       32                768,403,141.10
 以公允价值计量且其变动
                                                     492,164,591.91
计入当期损益的金融负债
 衍生金融负债
 应付票据          34                 18,701,549.83       63,458,633.10
 应付账款          35                 86,819,605.55       82,595,603.64
 预收款项          36                  9,164,940.98        9,789,564.53
 卖出回购金融资产款
 吸收存款及同业存放
 代理买卖证券款
 代理承销证券款
 应付职工薪酬        37              120,539,909.11         104,036,148.53
 应交税费          38            2,106,242,913.91       2,244,216,343.78
 其他应付款         39           21,042,264,353.26      19,336,945,056.05
 其中：应付利息                       897,073,966.87         685,700,683.53
    应付股利
 应付手续费及佣金
 应付分保账款
 持有待售负债
 一年内到期的非流动负债   41            2,499,762,842.57      15,297,687,123.29
 其他流动负债        42            7,998,650,574.74       6,496,298,972.17
  流动负债合计                    55,958,549,831.05      56,827,192,037.00
非流动负债：
 保险合同准备金
 长期借款          43           24,600,000,000.00      26,000,000,000.00
                      58 / 198
                       2019 年年度报告


 应付债券            44              43,794,792,492.21         34,265,894,787.06
 其中：优先股
    永续债
 租赁负债
 长期应付款           46              21,232,945,436.94         34,632,945,436.94
 长期应付职工薪酬
 预计负债
 递延收益            49                      5,833,758.06           6,229,112.34
 递延所得税负债         29                    874,792,997.65       1,080,174,205.16
 其他非流动负债
  非流动负债合计                        90,508,364,684.86         95,985,243,541.50
   负债合计                         146,466,914,515.91        152,812,435,578.50
所有者权益（或股东权益）：
 实收资本（或股本）       51              22,000,000,000.00         22,000,000,000.00
 其他权益工具
 其中：优先股
    永续债
 资本公积            53              44,364,313,786.27         44,295,503,166.39
 减：库存股
 其他综合收益          55                   2,352,431,567.60      3,187,914,292.67
 专项储备
 盈余公积            57              24,319,522,433.93         24,319,522,433.93
 一般风险准备
 未分配利润           58              56,473,906,836.25         48,400,469,257.13
 归属于母公司所有者权益
                                149,510,174,624.05        142,203,409,150.12
（或股东权益）合计
 少数股东权益                                505,791,900.93        481,143,916.91
  所有者权益（或股东权
                                150,015,966,524.98        142,684,553,067.03
益）合计
   负债和所有者权益（或
                                296,482,881,040.89        295,496,988,645.53
股东权益）总计

法定代表人：雷鸣山   主管会计工作负责人：詹平原                       会计机构负责人：王艳云



                      母公司资产负债表
                      2019 年 12 月 31 日
编制单位:中国长江电力股份有限公司
                                                         单位:元 币种:人民币
     项目         附注十七          2019 年 12 月 31 日            2018 年 12 月 31 日
流动资产：
 货币资金                                 4,195,981,088.98      3,359,038,785.81
 交易性金融资产
 以公允价值计量且其变动
计入当期损益的金融资产
 衍生金融资产
 应收票据                                     2,300,000.00          3,400,000.00
 应收账款            1                    1,640,765,860.31      1,502,909,191.98
                           59 / 198
                   2019 年年度报告


 应收款项融资
 预付款项                             13,370,253.30        10,236,070.68
 其他应收款         2                  67,315,820.17        58,037,615.00
 其中：应收利息
    应收股利                          50,045,000.00        53,218,435.00
 存货                              128,785,215.82       115,202,488.91
 持有待售资产
 一年内到期的非流动资产
 其他流动资产                           315,531,193.73       802,691,262.48
  流动资产合计                        6,364,049,432.31     5,851,515,414.86
非流动资产：
 债权投资
 可供出售金融资产                                           14,997,414,469.87
 其他债权投资
 持有至到期投资
 长期应收款
 长期股权投资        3           78,047,589,178.60        59,779,185,817.70
 其他权益工具投资                   3,912,606,164.86
 其他非流动金融资产                  4,255,519,358.34
 投资性房地产                        27,552,840.37            28,645,291.37
 固定资产                      95,931,292,255.59       101,489,823,239.49
 在建工程                         946,462,767.36           814,173,962.88
 生产性生物资产
 油气资产
 使用权资产
 无形资产                             89,336,000.23        76,402,026.46
 开发支出
 商誉
 长期待摊费用
 递延所得税资产                       98,251,997.77           107,063,567.17
 其他非流动资产                       34,272,485.05            18,686,050.22
  非流动资产合计                 183,342,883,048.17       177,311,394,425.16
   资产总计                   189,706,932,480.48       183,162,909,840.02
流动负债：
 短期借款                           4,920,000,000.00     6,805,000,000.00
 交易性金融负债
 以公允价值计量且其变动
计入当期损益的金融负债
 衍生金融负债
 应付票据                              18,701,549.83        61,122,577.09
 应付账款                              49,275,071.09        48,746,013.66
 预收款项                               8,788,393.37         8,826,393.50
 应付职工薪酬                            97,805,901.99        88,122,893.98
 应交税费                           1,018,564,145.60     1,419,344,514.97
 其他应付款                          4,082,085,127.73     1,463,308,435.35
 其中：应付利息                          837,531,967.98       604,691,196.00
    应付股利
 持有待售负债
                     60 / 198
                   2019 年年度报告


 一年内到期的非流动负债                  2,499,762,842.57           3,497,687,123.29
 其他流动负债                       7,998,650,574.74           6,496,298,972.17
  流动负债合计                     20,693,633,606.92          19,888,456,924.01
非流动负债：
 长期借款                        17,600,000,000.00          19,000,000,000.00
 应付债券                        40,439,102,884.09          30,939,089,077.63
 其中：优先股
    永续债
 租赁负债
 长期应付款
 长期应付职工薪酬
 预计负债
 递延收益
 递延所得税负债                          902,756,097.24         1,087,014,959.58
 其他非流动负债
  非流动负债合计                    58,941,858,981.33          51,026,104,037.21
   负债合计                      79,635,492,588.25          70,914,560,961.22
所有者权益（或股东权益）：
 实收资本（或股本）                   22,000,000,000.00          22,000,000,000.00
 其他权益工具
 其中：优先股
    永续债
 资本公积                        46,906,964,332.39          46,853,868,130.51
 减：库存股
 其他综合收益                          2,502,766,455.34        3,240,207,021.24
 专项储备
 盈余公积                        22,934,762,401.97          22,934,762,401.97
 未分配利润                       15,726,946,702.53          17,219,511,325.08
  所有者权益（或股东权
                           110,071,439,892.23          112,248,348,878.80
益）合计
   负债和所有者权益（或
                           189,706,932,480.48          183,162,909,840.02
股东权益）总计

法定代表人：雷鸣山     主管会计工作负责人：詹平原                会计机构负责人：王艳云



                    合并利润表
                   2019 年 1—12 月
                                                   单位:元 币种:人民币
        项目            附注七              2019 年度           2018 年度
一、营业总收入                            49,874,086,874.95 51,213,965,746.52
其中：营业收入                 59         49,874,086,874.95 51,213,965,746.52
   利息收入
   已赚保费
   手续费及佣金收入
二、营业总成本                            25,959,547,802.90    27,015,770,358.65
其中：营业成本                 59         18,697,294,123.93    19,005,155,553.67
   利息支出
                      61 / 198
                   2019 年年度报告


    手续费及佣金支出
    退保金
    赔付支出净额
    提取保险责任准备金净额
    保单红利支出
    分保费用
    税金及附加                 60        1,168,814,152.25    1,288,501,782.23
    销售费用                  61           27,792,136.69       25,031,690.50
    管理费用                  62          813,629,745.43      800,645,932.82
    研发费用                  63           41,066,919.32       42,489,564.24
    财务费用                  64        5,210,950,725.28    5,853,945,835.19
    其中：利息费用                         5,200,957,545.39    5,922,238,642.38
       利息收入                            71,556,891.30       75,978,656.86
 加：其他收益                   65            2,606,789.45      718,125,034.37
    投资收益（损失以“－”号填列）       66        3,074,753,621.99    2,707,047,532.57
    其中：对联营企业和合营企业的投
                                    2,077,234,391.59    1,448,835,963.60
资收益
      以摊余成本计量的金融资产
终止确认收益
    汇兑收益（损失以“－”号填列）
    净敞口套期收益（损失以“-”号填
列）
    公允价值变动收益（损失以“－”
                          68         -26,947,041.04       36,493,396.71
号填列）
    信用减值损失（损失以“-”号填列）     69           3,342,701.66
    资产减值损失（损失以“-”号填列）     70         -35,595,283.18      -274,851,752.85
    资产处置收益（损失以“－”号填
                          71              26,792.08         7,060,530.24
列）
三、营业利润（亏损以“－”号填列）                  26,932,726,653.01   27,392,070,128.91
 加：营业外收入                  72           29,219,094.32       11,862,727.24
 减：营业外支出                  73          334,933,992.54      396,826,704.51
四、利润总额（亏损总额以“－”号填列）                26,627,011,754.79   27,007,106,151.64
 减：所得税费用                  74        5,059,564,654.60    4,363,554,880.40
五、净利润（净亏损以“－”号填列）                  21,567,447,100.19   22,643,551,271.24
（一）按经营持续性分类
  1.持续经营净利润（净亏损以“－”
                                   21,567,447,100.19   22,643,551,271.24
号填列）
  2.终止经营净利润（净亏损以“－”
号填列）
（二）按所有权归属分类
  1.归属于母公司股东的净利润（净亏
                                   21,543,493,635.57   22,610,936,420.39
损以“-”号填列）
  2.少数股东损益（净亏损以“-”号填
                                      23,953,464.62       32,614,850.85
列）
六、其他综合收益的税后净额                        407,999,197.81      -508,649,037.87
 （一）归属母公司所有者的其他综合收
                                     406,775,213.14      -511,035,938.43
益的税后净额
  1．不能重分类进损益的其他综合收益                  251,672,950.90       -3,810,441.43
 （1）重新计量设定受益计划变动额
                        62 / 198
                  2019 年年度报告


 （2）权益法下不能转损益的其他综合收
                                    46,955,233.27       -3,810,441.43
益
 （3）其他权益工具投资公允价值变动                 204,717,717.63
 （4）企业自身信用风险公允价值变动
  2．将重分类进损益的其他综合收益                 155,102,262.24      -507,225,497.00
 （1）权益法下可转损益的其他综合收益                 90,347,208.15      -245,100,018.87
 （2）其他债权投资公允价值变动
 （3）可供出售金融资产公允价值变动损
                                                      -341,801,484.12
益
 （4）金融资产重分类计入其他综合收益
的金额
 （5）持有至到期投资重分类为可供出售
金融资产损益
 （6）其他债权投资信用减值准备
 （7）现金流量套期储备（现金流量套期
损益的有效部分）
 （8）外币财务报表折算差额                      64,755,054.09       79,676,005.99
 （9）其他
 （二）归属于少数股东的其他综合收益
                                     1,223,984.67         2,386,900.56
的税后净额
七、综合收益总额                         21,975,446,298.00   22,134,902,233.37
 （一）归属于母公司所有者的综合收益
                                 21,950,268,848.71   22,099,900,481.96
总额
 （二）归属于少数股东的综合收益总额                  25,177,449.29       35,001,751.41
八、每股收益：
 （一）基本每股收益(元/股)                            0.9792              1.0278
 （二）稀释每股收益(元/股)                            0.9792              1.0278

本期发生同一控制下企业合并的，被合并方在合并前实现的净利润为：0 元, 上期被合并方实现
的净利润为： 0 元。
法定代表人：雷鸣山   主管会计工作负责人：詹平原   会计机构负责人：王艳云



                     母公司利润表
                  2019 年 1—12 月
                                                 单位:元 币种:人民币
        项目            附注十七           2019 年度           2018 年度
一、营业收入                  4        25,543,879,408.36 26,367,691,030.01
 减：营业成本                 4         9,180,512,555.71  9,165,059,259.03
   税金及附加                            444,095,537.49    536,465,232.39
   销售费用                              13,040,013.62     12,169,707.63
   管理费用                             469,739,955.76    465,358,419.12
   研发费用                              33,182,530.97     34,810,579.60
   财务费用                           2,776,197,071.16  2,685,222,220.89
   其中：利息费用                        2,799,073,815.23  2,798,650,097.11
       利息收入                          49,078,803.92     57,233,200.69
 加：其他收益                               1,227,811.32    513,594,616.72
   投资收益（损失以“－”号填列）      5         2,708,720,686.77  2,447,456,872.00
   其中：对联营企业和合营企业的投                1,954,317,865.68  1,245,656,633.02
                      63 / 198
                   2019 年年度报告


资收益
        以摊余成本计量的金融资产
终止确认收益
     净敞口套期收益（损失以“-”号
填列）
     公允价值变动收益（损失以“－”
                                    292,704,083.17           -6,800.00
号填列）
     信用减值损失（损失以“-”号填
                                        472,724.55
列）
     资产减值损失（损失以“-”号填
                                    -13,136,165.82       -8,988,866.14
列）
     资产处置收益（损失以“－”号填
                                         10,769.12         7,325,467.08
列）
二、营业利润（亏损以“－”号填列）                 15,617,111,652.76   16,427,986,901.01
 加：营业外收入                              27,852,846.92        9,275,907.57
 减：营业外支出                              52,629,588.57      110,647,842.20
三、利润总额（亏损总额以“－”号填列）               15,592,334,911.11   16,326,614,966.38
   减：所得税费用                         3,384,402,803.96    3,681,387,930.14
四、净利润（净亏损以“－”号填列）                 12,207,932,107.15   12,645,227,036.24
  （一）持续经营净利润（净亏损以
                                  12,207,932,107.15   12,645,227,036.24
“－”号填列）
  （二）终止经营净利润（净亏损以“－”
号填列）
五、其他综合收益的税后净额                       289,048,452.22      -837,505,885.69
 （一）不能重分类进损益的其他综合收
                                    192,298,455.67       -3,304,490.50
益
   1.重新计量设定受益计划变动额
   2.权益法下不能转损益的其他综合
                                     41,568,789.15       -3,304,490.50
收益
   3.其他权益工具投资公允价值变动                 150,729,666.52
   4.企业自身信用风险公允价值变动
 （二）将重分类进损益的其他综合收益                   96,749,996.55      -834,201,395.19
   1.权益法下可转损益的其他综合收
                                     96,749,996.55      -187,843,534.93
益
   2.其他债权投资公允价值变动
   3.可供出售金融资产公允价值变动
                                                        -646,357,860.26
损益
   4.金融资产重分类计入其他综合收
益的金额
   5.持有至到期投资重分类为可供出
售金融资产损益
   6.其他债权投资信用减值准备
   7.现金流量套期储备（现金流量套期
损益的有效部分）
   8.外币财务报表折算差额
   9.其他
六、综合收益总额                          12,496,980,559.37   11,807,721,150.55
七、每股收益：
   （一）基本每股收益(元/股)

                       64 / 198
                    2019 年年度报告


 （二）稀释每股收益(元/股)

法定代表人：雷鸣山   主管会计工作负责人：詹平原                  会计机构负责人：王艳云


                    合并现金流量表
                    2019 年 1—12 月
                                                 单位：元 币种：人民币
        项目           附注七             2019年度          2018年度
一、经营活动产生的现金流量：
 销售商品、提供劳务收到的现金                   56,423,104,095.88   60,109,682,551.25
 客户存款和同业存放款项净增加额
 向中央银行借款净增加额
 向其他金融机构拆入资金净增加额
 收到原保险合同保费取得的现金
 收到再保业务现金净额
 保户储金及投资款净增加额
 收取利息、手续费及佣金的现金
 拆入资金净增加额
 回购业务资金净增加额
 代理买卖证券收到的现金净额
 收到的税费返还                                                 598,288,870.92
 收到其他与经营活动有关的现金        76            196,076,781.07      132,341,239.42
  经营活动现金流入小计                      56,619,180,876.95   60,840,312,661.59
 购买商品、接受劳务支付的现金                    4,970,935,679.15    5,415,244,449.06
 客户贷款及垫款净增加额
 存放中央银行和同业款项净增加额
 支付原保险合同赔付款项的现金
 拆出资金净增加额
 支付利息、手续费及佣金的现金
 支付保单红利的现金
 支付给职工及为职工支付的现金                    1,681,923,377.15    1,550,359,853.36
 支付的各项税费                          12,971,173,075.60   13,430,690,798.93
 支付其他与经营活动有关的现金        76            530,729,174.77      707,351,145.43
  经营活动现金流出小计                      20,154,761,306.67   21,103,646,246.78
   经营活动产生的现金流量净额                  36,464,419,570.28   39,736,666,414.81
二、投资活动产生的现金流量：
 收回投资收到的现金                        74,479,542,574.14   57,767,277,237.59
 取得投资收益收到的现金                       1,401,270,454.59    1,073,519,362.92
 处置固定资产、无形资产和其他长期
                                     12,178,908.70          925,078.90
资产收回的现金净额
 处置子公司及其他营业单位收到的现
金净额
 收到其他与投资活动有关的现金
  投资活动现金流入小计                      75,892,991,937.43   58,841,721,679.41
 购建固定资产、无形资产和其他长期
                                   2,716,832,699.30    3,118,888,618.75
资产支付的现金
 投资支付的现金                          79,807,613,734.58   64,948,937,631.78
 质押贷款净增加额
                       65 / 198
                     2019 年年度报告


 取得子公司及其他营业单位支付的现
金净额
 支付其他与投资活动有关的现金
  投资活动现金流出小计                       82,524,446,433.88     68,067,826,250.53
   投资活动产生的现金流量净额                   -6,631,454,496.45     -9,226,104,571.12
三、筹资活动产生的现金流量：
 吸收投资收到的现金                                                   27,495,083.32
 其中：子公司吸收少数股东投资收到
                                                             27,495,083.32
的现金
 取得借款收到的现金                         87,122,964,416.74     73,096,200,000.00
 收到其他与筹资活动有关的现金
  筹资活动现金流入小计                       87,122,964,416.74     73,123,695,083.32
 偿还债务支付的现金                         81,704,081,939.00     73,156,600,699.31
 分配股利、利润或偿付利息支付的现
                                   18,643,807,212.31     18,946,766,585.68
金
 其中：子公司支付给少数股东的股利、
                                       2,592,739.85           1,416,347.61
利润
 支付其他与筹资活动有关的现金        76          14,648,665,135.50     11,493,584,948.50
  筹资活动现金流出小计                      114,996,554,286.81    103,596,952,233.49
   筹资活动产生的现金流量净额                  -27,873,589,870.07    -30,473,257,150.17
四、汇率变动对现金及现金等价物的影
                                      24,080,600.22          96,947,209.70
响
五、现金及现金等价物净增加额         77           1,983,455,803.98        134,251,903.22
 加：期初现金及现金等价物余额        77           5,334,485,176.04      5,200,233,272.82
六、期末现金及现金等价物余额         77           7,317,940,980.02      5,334,485,176.04

法定代表人：雷鸣山   主管会计工作负责人：詹平原                   会计机构负责人：王艳云




                 母公司现金流量表
                 2019 年 1—12 月
                                                       单位:元 币种:人民币
       项目             附注              2019年度               2018年度
一、经营活动产生的现金流量：
 销售商品、提供劳务收到的现金                    28,830,424,910.03    30,735,171,196.07
 收到的税费返还                                                   512,197,382.02
 收到其他与经营活动有关的现金                       151,673,005.61       110,889,904.62
  经营活动现金流入小计                       28,982,097,915.64    31,358,258,482.71
 购买商品、接受劳务支付的现金                     2,713,810,036.23     2,777,854,851.02
 支付给职工及为职工支付的现金                     1,125,997,660.82       990,594,479.87
 支付的各项税费                            7,658,032,625.87     8,254,559,646.18
 支付其他与经营活动有关的现金                       336,177,375.67       553,793,052.93
  经营活动现金流出小计                       11,834,017,698.59    12,576,802,030.00
 经营活动产生的现金流量净额                     17,148,080,217.05    18,781,456,452.71
二、投资活动产生的现金流量：
 收回投资收到的现金                         56,365,021,388.44    52,196,113,529.62
 取得投资收益收到的现金                        1,171,410,900.13       940,522,275.48
 处置固定资产、无形资产和其他长期                      12,170,157.00           126,272.00
                       66 / 198
                    2019 年年度报告


资产收回的现金净额
 处置子公司及其他营业单位收到的现
金净额
 收到其他与投资活动有关的现金
  投资活动现金流入小计                      57,548,602,445.57    53,136,762,077.10
 购建固定资产、无形资产和其他长期
                                    503,748,784.49       865,245,850.29
资产支付的现金
 投资支付的现金                          62,619,343,108.07    59,246,461,247.77
 取得子公司及其他营业单位支付的现
金净额
 支付其他与投资活动有关的现金
  投资活动现金流出小计                      63,123,091,892.56    60,111,707,098.06
   投资活动产生的现金流量净额                  -5,574,489,446.99    -6,974,945,020.96
三、筹资活动产生的现金流量：
 吸收投资收到的现金
 取得借款收到的现金                        55,706,082,619.74    54,901,200,000.00
 收到其他与筹资活动有关的现金
  筹资活动现金流入小计                      55,706,082,619.74    54,901,200,000.00
 偿还债务支付的现金                        48,990,000,000.00    48,301,600,699.31
 分配股利、利润或偿付利息支付的现
                                  17,426,803,608.00    17,719,920,021.44
金
 支付其他与筹资活动有关的现金                       44,053,650.01        25,366,839.58
  筹资活动现金流出小计                      66,460,857,258.01    66,046,887,560.33
   筹资活动产生的现金流量净额                 -10,754,774,638.27   -11,145,687,560.33
四、汇率变动对现金及现金等价物的影
                                     18,126,171.38        88,374,449.41
响
五、现金及现金等价物净增加额                       836,942,303.17       749,198,320.83
 加：期初现金及现金等价物余额                    3,359,038,785.81     2,609,840,464.98
六、期末现金及现金等价物余额                     4,195,981,088.98     3,359,038,785.81

法定代表人：雷鸣山   主管会计工作负责人：詹平原                  会计机构负责人：王艳云




                      67 / 198
                                                                 2019 年年度报告



                                                               合并所有者权益变动表
                                                                2019 年 1—12 月
                                                                                                                                          单位:元 币种:人民币
                                                                                               本期

                                                        归属于母公司所有者权益

                                 其他权益工                                                                      一
   项目                                                          减                                                                     少数股东权
                                   具                                                专                       般                                         所有者权益合计
                                                               ：                                                                       益
             实收资本(或股                                                                项                       风
                                 优 永          资本公积             库 其他综合收益                    盈余公积                  未分配利润
               本)                      其                                            储                       险
                                 先 续                           存
                                       他                                            备                       准
                                 股 债                           股
                                                                                                            备
一、上年期末余额     22,000,000,000.00             44,295,503,166.39     3,187,914,292.67       24,319,522,433.93       48,400,469,257.13    481,143,916.91   142,684,553,067.03
加：会计政策变更                                                          -543,118,753.60                                  561,377,843.66          6,742.18        18,265,832.24
   前期差错更正
   同一控制下企
业合并
   其他
二、本年期初余额     22,000,000,000.00             44,295,503,166.39     2,644,795,539.07       24,319,522,433.93       48,961,847,100.79    481,150,659.09   142,702,818,899.27
三、本期增减变动金
额（减少以“－”号                                     68,810,619.88       -292,363,971.47                                7,512,059,735.46    24,641,241.84     7,313,147,625.71
填列）
（一）综合收益总额                                                          406,775,213.14                               21,543,493,635.57    25,177,449.29    21,975,446,298.00
（二）所有者投入和
减少资本
1．所有者投入的普通
股
2．其他权益工具持有
者投入资本
3．股份支付计入所有
者权益的金额
4．其他
（三）利润分配                                                                                                         -14,960,000,000.00   -2,592,739.85    -14,962,592,739.85
1．提取盈余公积



                                                                     68 / 198
                                                                   2019 年年度报告

2．提取一般风险准备
3．对所有者（或股东）
                                                                                                                  -14,960,000,000.00    -2,592,739.85   -14,962,592,739.85
的分配
4．其他
（四）所有者权益内
                                                                    -699,139,184.61                                  699,139,184.61
部结转
1．资本公积转增资本
（或股本）
2．盈余公积转增资本
（或股本）
3．盈余公积弥补亏损
4．设定受益计划变动
额结转留存收益
5．其他综合收益结转
                                                                    -699,139,184.61                                  699,139,184.61
留存收益
6．其他
（五）专项储备
1．本期提取
2．本期使用
（六）其他                                             68,810,619.88                                                      229,426,915.28      2,056,532.40       300,294,067.56
四、本期期末余额      22,000,000,000.00               44,364,313,786.27    2,352,431,567.60       24,319,522,433.93       56,473,906,836.25    505,791,900.93   150,015,966,524.98



                                                                                                 上期
                                                           归属于母公司所有者权益

                                  其他权益工                                                                       一
                                                                  减
    项目                              具                                                 专                       般                        少数股东权
                                                                  ：                                                                                     所有者权益合计
              实收资本 (或                                                                 项                       风                          益
                                  优   永          资本公积             库 其他综合收益                   盈余公积                  未分配利润
                股本)                       其                                           储                       险
                                  先   续                           存
                                          他                                           备                       准
                                  股   债                           股
                                                                                                              备
一、上年期末余额      22,000,000,000.00               44,322,910,497.79    3,698,950,231.10       21,790,477,026.69       43,289,114,811.42    417,385,232.14   135,518,837,799.14
加：会计政策变更
  前期差错更正
  同一控制下企业


                                                                       69 / 198
                                                      2019 年年度报告

合并
   其他
二、本年期初余额      22,000,000,000.00   44,322,910,497.79   3,698,950,231.10   21,790,477,026.69   43,289,114,811.42    417,385,232.14   135,518,837,799.14
三、本期增减变动金
额（减少以“－”号                           -27,407,331.40    -511,035,938.43    2,529,045,407.24     5,111,354,445.71    63,758,684.77     7,165,715,267.89
填列）
（一）综合收益总额                                             -511,035,938.43                        22,610,936,420.39    35,001,751.41    22,134,902,233.37
（二）所有者投入和
                                                                                                -10,536,567.44    32,444,472.69        21,907,905.25
减少资本
1．所有者投入的普通
                                                                                                                  29,958,664.34        29,958,664.34
股
2．其他权益工具持有
者投入资本
3．股份支付计入所有
者权益的金额
4．其他                                                                                             -10,536,567.44    2,485,808.35         -8,050,759.09
（三）利润分配                                                                  2,529,045,407.24    -17,489,045,407.24   -1,416,347.61    -14,961,416,347.61
1．提取盈余公积                                                                 2,529,045,407.24     -2,529,045,407.24
2．提取一般风险准备
3．对所有者（或股东）
                                                                                             -14,960,000,000.00   -1,416,347.61    -14,961,416,347.61
的分配
4．其他
（四）所有者权益内
部结转
1．资本公积转增资本
（或股本）
2．盈余公积转增资本
（或股本）
3．盈余公积弥补亏损
4．设定受益计划变动
额结转留存收益
5．其他综合收益结转
留存收益
6．其他
（五）专项储备
1．本期提取



                                                          70 / 198
                                                                2019 年年度报告

2．本期使用
（六）其他                                     -27,407,331.40                                                                                -2,271,191.72        -29,678,523.12
四、本期期末余额    22,000,000,000.00          44,295,503,166.39        3,187,914,292.67        24,319,522,433.93          48,400,469,257.13   481,143,916.91    142,684,553,067.03


法定代表人：雷鸣山                                            主管会计工作负责人：詹平原                                                          会计机构负责人：王艳云


                                                       母公司所有者权益变动表
                                                         2019 年 1—12 月
                                                                                                                                             单位:元 币种:人民币
                                                                                       本期
                                   其他权益工
                                                                                                  专
                                     具
    项目          实收资本 (或                                         减：库                               项
                                   优 永         资本公积                         其他综合收益                           盈余公积                 未分配利润                 所有者权益合计
                  股本)                  其                        存股                                储
                                   先 续
                                       他                                                          备
                                   股 债
一、上年期末余额       22,000,000,000.00            46,853,868,130.51                  3,240,207,021.24             22,934,762,401.97    17,219,511,325.08      112,248,348,878.80
加：会计政策变更                                                                        -327,349,833.51                                     330,937,170.41            3,587,336.90
   前期差错更正
   其他
二、本年期初余额       22,000,000,000.00            46,853,868,130.51                  2,912,857,187.73             22,934,762,401.97    17,550,448,495.49      112,251,936,215.70
三、本期增减变动金额
                                                53,096,201.88                  -410,090,732.39                                   -1,823,501,792.96       -2,180,496,323.47
（减少以“－”号填列）
（一）综合收益总额                                                                       289,048,452.22                                   12,207,932,107.15       12,496,980,559.37
（二）所有者投入和减少
资本
1．所有者投入的普通股
2．其他权益工具持有者
投入资本
3．股份支付计入所有者
权益的金额
4．其他
（三）利润分配                                                                                                                         -14,960,000,000.00      -14,960,000,000.00
1．提取盈余公积
2．对所有者（或股东）                                                                                                                     -14,960,000,000.00      -14,960,000,000.00



                                                                    71 / 198
                                                                  2019 年年度报告

的分配
3．其他
（四）所有者权益内部结
                                                                               -699,139,184.61                              699,139,184.61
转
1．资本公积转增资本（或
股本）
2．盈余公积转增资本（或
股本）
3．盈余公积弥补亏损
4．设定受益计划变动额
结转留存收益
5．其他综合收益结转留
                                                                               -699,139,184.61                              699,139,184.61
存收益
6．其他
（五）专项储备
1．本期提取
2．本期使用
（六）其他                                             53,096,201.88                                                              229,426,915.28       282,523,117.16
四、本期期末余额          22,000,000,000.00           46,906,964,332.39                2,502,766,455.34       22,934,762,401.97   15,726,946,702.53   110,071,439,892.23



                                                                                       上期
                                      其他权益工
                                                                                                  专
                                        具
      项目          实收资本 (或                                         减：库                             项
                                      优 永        资本公积                      其他综合收益                      盈余公积               未分配利润               所有者权益合计
                    股本)                   其                       存股                              储
                                      先 续
                                          他                                                       备
                                      股 债
一、上年期末余额    22,000,000,000.00                 46,871,371,592.55                4,077,712,906.93       20,405,716,994.73   22,071,380,455.17   115,426,181,949.38
加：会计政策变更
   前期差错更正
   其他
二、本年期初余额    22,000,000,000.00                 46,871,371,592.55                4,077,712,906.93       20,405,716,994.73   22,071,380,455.17   115,426,181,949.38
三、本期增减变动金额
                                                -17,503,462.04                 -837,505,885.69        2,529,045,407.24    -4,851,869,130.09    -3,177,833,070.58
（减少以“－”号填列）
（一）综合收益总额                                                                      -837,505,885.69                            12,645,227,036.24    11,807,721,150.55
（二）所有者投入和减少                                                                                                                   -8,050,759.09        -8,050,759.09


                                                                    72 / 198
