                           2021 年年度报告



 营业成本准确性
           关键审计事项                          审计中的应对
                                    成本的合理性。




 商誉及无形资产减值测试
              关键审计事项                       审计中的应对
 如合并财务报表附注七、26 和 28 所述，贵            我们执行的主要审计程序：
 公司 2020 年 4 月 24 日以 36.02 亿美元的
                                    --了解、测试和评价管理层与商誉及无形
 对价收购了 Sempra Americas Bermuda
 Ltd.（现已更名为 Andes Bermuda Ltd.，     资产减值相关的关键内部控制设计与运
 以下简称“AB 公司”       ）与 Peruvian      行的有效性；
 Opportunity Company S.A.C.(以下简称    --评价公司聘请的第三方中介机构的客
 “POC 公司”  ）100%的股权（AB 公司与 POC
                                    观性、独立性及专业胜任能力；
 公司以下简称“秘鲁公司”）。截至 2021 年
 12 月 31 日，由于上述收购产生的商誉约             --复核第三方机构对商誉、无形资产减值
 9.87 亿元，识别出的输配电业务特许经营              迹象的判断和分析；
 权约 198.33 亿元，贵公司聘请了第三方中            --复核评估所采用的基础数据、关键假
 介机构对商誉和输配电业务特许经营权进
 行减值测试。减值测试涉及确定折现率等                 设、参数等因素，对评估结果的适当性进
 评估参数及对未来若干年的经营和财务情                 行评价；
 况的假设，包括未来若干年的收入增长率                 --复核财务报表中有关披露的充分性。
 和息税折旧摊销前利润率等。上述参数和
 假设的合理性对商誉及无形资产减值测试
 的结果具有重大影响，且涉及管理层的会
 计估计和判断。
 基于上述原因，我们将商誉及无形资产减值
 测试列为关键审计事项。

  四、    其他信息

  长江电力公司管理层(以下简称管理层)对其他信息负责。其他信息包括长江电力公司
2021 年年度报告中涵盖的信息，但不包括财务报表和我们的审计报告。

  我们对财务报表发表的审计意见不涵盖其他信息，我们也不对其他信息发表任何形式的
鉴证结论。

  结合我们对财务报表的审计，我们的责任是阅读其他信息，在此过程中，考虑其他信息
是否与财务报表或我们在审计过程中了解到的情况存在重大不一致或者似乎存在重大错报。

  基于我们已执行的工作，如果我们确定其他信息存在重大错报，我们应当报告该事实。
在这方面，我们无任何事项需要报告。

  五、    管理层和治理层对财务报表的责任
                              73 / 222
                   2021 年年度报告



  管理层负责按照企业会计准则的规定编制财务报表，使其实现公允反映，并设计、执行
和维护必要的内部控制，以使财务报表不存在由于舞弊或错误导致的重大错报。

  在编制财务报表时，管理层负责评估长江电力公司的持续经营能力，披露与持续经营相
关的事项（如适用），并运用持续经营假设，除非管理层计划清算长江电力公司、终止运营或
别无其他现实的选择。

  治理层负责监督长江电力公司的财务报告过程。

  六、    注册会计师对财务报表审计的责任

  我们的目标是对财务报表整体是否不存在由于舞弊或错误导致的重大错报获取合理保证，
并出具包含审计意见的审计报告。合理保证是高水平的保证，但并不能保证按照审计准则执
行的审计在某一重大错报存在时总能发现。错报可能由于舞弊或错误导致，如果合理预期错
报单独或汇总起来可能影响财务报表使用者依据财务报表作出的经济决策，则通常认为错报
是重大的。

  在按照审计准则执行审计工作的过程中，我们运用职业判断，并保持职业怀疑。同时，
我们也执行以下工作：

  （1）   识别和评估由于舞弊或错误导致的财务报表重大错报风险，设计和实施审计程
序以应对这些风险，并获取充分、适当的审计证据，作为发表审计意见的基础。由于舞弊可
能涉及串通、伪造、故意遗漏、虚假陈述或凌驾于内部控制之上，未能发现由于舞弊导致的
重大错报的风险高于未能发现由于错误导致的重大错报的风险。

  （2）   了解与审计相关的内部控制，以设计恰当的审计程序，但目的并非对内部控制的
有效性发表意见。

 （3）    评价管理层选用会计政策的恰当性和作出会计估计及相关披露的合理性。

  （4）   对管理层使用持续经营假设的恰当性得出结论。同时，根据获取的审计证据，就
可能导致对长江电力公司持续经营能力产生重大疑虑的事项或情况是否存在重大不确定性得
出结论。如果我们得出结论认为存在重大不确定性，审计准则要求我们在审计报告中提请报
表使用者注意财务报表中的相关披露；如果披露不充分，我们应当发表非无保留意见。我们
的结论基于截至审计报告日可获得的信息。然而，未来的事项或情况可能导致长江电力公司
不能持续经营。

  （5）   评价财务报表的总体列报、结构和内容，并评价财务报表是否公允反映相关交易
和事项。

  （6）   就长江电力公司中实体或业务活动的财务信息获取充分、适当的审计证据，以对
财务报表发表审计意见。我们负责指导、监督和执行集团审计，并对审计意见承担全部责任。
                     74 / 222
                          2021 年年度报告



  我们与治理层就计划的审计范围、时间安排和重大审计发现等事项进行沟通，包括沟通
我们在审计中识别出的值得关注的内部控制缺陷。

  我们还就已遵守与独立性相关的职业道德要求向治理层提供声明，并与治理层沟通可能
被合理认为影响我们独立性的所有关系和其他事项，以及相关的防范措施（如适用）。

 从与治理层沟通过的事项中，我们确定哪些事项对本期财务报表审计最为重要，因而构成
关键审计事项。我们在审计报告中描述这些事项，除非法律法规禁止公开披露这些事项，或
在极少数情形下，如果合理预期在审计报告中沟通某事项造成的负面后果超过在公众利益方
面产生的益处，我们确定不应在审计报告中沟通该事项。




信永中和会计师事务所(特殊普通合伙)                 中国注册会计师：梁志刚

                                   （项目合伙人）




                                   中国注册会计师：闫欢



         中国   北京                   二○二二年四月二十九日



二、财务报表
                         合并资产负债表
                  2021 年 12 月 31 日
编制单位: 中国长江电力股份有限公司
                                                        单位:元 币种:人民币
      项目            附注七        2021 年 12 月 31 日         2020 年 12 月 31 日
流动资产：
 货币资金                1             9,929,980,061.69       9,231,213,791.79
 结算备付金
 拆出资金
 交易性金融资产
 衍生金融资产
 应收票据                                    524,640.21          17,673,000.00
 应收账款                5             3,768,258,804.36       3,650,048,602.74
 应收款项融资
 预付款项                7                  93,606,544.48        48,859,512.50
 应收保费
 应收分保账款
 应收分保合同准备金
 其他应收款               8                 628,719,306.50       497,300,115.36
 其中：应收利息
                            75 / 222
                    2021 年年度报告


    应收股利                          55,028,400.00       45,473,100.00
 买入返售金融资产
 存货            9                 470,031,320.31      282,060,444.83
 合同资产
 持有待售资产
 一年内到期的非流动资产
 其他流动资产        13            3,032,334,387.33         948,456,661.57
  流动资产合计                    17,923,455,064.88      14,675,612,128.79
非流动资产：
 发放贷款和垫款
 债权投资          14            1,014,594,368.22       1,139,169,084.08
 其他债权投资
 长期应收款
 长期股权投资        17          60,716,844,608.70       50,424,131,310.62
 其他权益工具投资      18           3,457,356,904.37        3,609,195,163.56
 其他非流动金融资产     19           1,622,160,091.31        4,713,666,463.26
 投资性房地产        20             113,822,846.75          125,275,104.17
 固定资产          21         218,712,613,101.63      231,119,863,354.48
 在建工程          22           2,891,576,923.64        2,993,468,500.20
 生产性生物资产
 油气资产
 使用权资产         25              637,016,483.14
 无形资产          26           20,181,419,977.24      20,614,325,419.64
 开发支出
 商誉            28             987,246,902.63        1,010,349,814.92
 长期待摊费用                        47,615,228.81            1,205,923.35
 递延所得税资产       30             241,972,703.05          385,247,857.13
 其他非流动资产                       15,586,434.83           15,586,434.83
  非流动资产合计                 310,639,826,574.32      316,151,484,430.24
   资产总计                   328,563,281,639.20      330,827,096,559.03
流动负债：
 短期借款          32           12,315,812,640.00      24,057,628,342.50
 向中央银行借款
 拆入资金
 交易性金融负债       33                                    640,897,029.23
 衍生金融负债
 应付票据                             11,199,405.85       26,658,209.68
 应付账款          36                682,732,769.54      867,671,236.16
 预收款项                                                 33,980,139.67
 合同负债                             13,389,470.26           48,910.52
 卖出回购金融资产款
 吸收存款及同业存放
 代理买卖证券款
 代理承销证券款
 应付职工薪酬        39              254,195,056.07         219,231,174.29
 应交税费          40            4,716,410,703.94       4,235,444,499.44
 其他应付款         41           13,470,287,522.53      16,960,189,786.68
 其中：应付利息                     1,022,278,878.81       1,091,987,201.14
                      76 / 222
                      2021 年年度报告


    应付股利                              27,118,308.84        36,473,316.08
 应付手续费及佣金
 应付分保账款
 持有待售负债
 一年内到期的非流动负债    43              17,440,128,682.74      23,924,325,034.79
 其他流动负债         44               4,502,059,923.29       7,500,533,260.58
  流动负债合计                        53,406,216,174.22      78,466,607,623.54
非流动负债：
 保险合同准备金
 长期借款           45              36,439,373,166.26      14,447,141,791.44
 应付债券           46              33,978,897,510.99      37,527,057,075.03
 其中：优先股
    永续债
 租赁负债           47                 639,176,461.52
 长期应付款          48              11,855,875,004.42      20,080,756,020.71
 长期应付职工薪酬
 预计负债                               18,434,099.44          16,245,669.92
 递延收益                                5,903,248.03           7,276,220.13
 递延所得税负债        30               1,931,183,085.62       1,960,405,682.52
 其他非流动负债
  非流动负债合计                      84,868,842,576.28       74,038,882,459.75
   负债合计                       138,275,058,750.50      152,505,490,083.29
所有者权益（或股东权益）：
 实收资本（或股本）      53              22,741,859,230.00      22,741,859,230.00
 其他权益工具
 其中：优先股
    永续债
 资本公积           55              56,915,340,256.97      56,928,124,174.94
 减：库存股
 其他综合收益         57                   318,915,804.42      313,556,807.71
 专项储备
 盈余公积           59              24,319,522,433.93      24,319,522,433.93
 一般风险准备
 未分配利润          60              76,768,181,760.95      67,815,084,345.02
 归属于母公司所有者权益
                              181,063,819,486.27      172,118,146,991.60
（或股东权益）合计
 少数股东权益                          9,224,403,402.43       6,203,459,484.14
  所有者权益（或股东权
                              190,288,222,888.70      178,321,606,475.74
益）合计
   负债和所有者权益
                              328,563,281,639.20      330,827,096,559.03
（或股东权益）总计

公司负责人：雷鸣山   主管会计工作负责人：詹平原                   会计机构负责人：张娜



                     母公司资产负债表
                     2021 年 12 月 31 日
编制单位:中国长江电力股份有限公司
                          77 / 222
                    2021 年年度报告


                                                  单位:元 币种:人民币
      项目       附注十七      2021 年 12 月 31 日         2020 年 12 月 31 日
流动资产：
 货币资金                        7,002,485,878.73       3,978,908,570.72
 交易性金融资产
 衍生金融资产
 应收票据                                                  16,800,000.00
 应收账款           1            1,525,800,124.22       1,681,426,962.93
 应收款项融资
 预付款项                           71,735,485.97         21,721,249.03
 其他应收款          2            5,189,895,851.59        382,249,508.06
 其中：应收利息
    应收股利                     4,699,458,155.29         45,473,100.00
 存货                            203,484,657.44        148,625,915.93
 合同资产
 持有待售资产
 一年内到期的非流动资产
 其他流动资产                      2,764,660,225.64         400,005,769.04
  流动资产合计                    16,758,062,223.59       6,629,737,975.71
非流动资产：
 债权投资
 其他债权投资
 长期应收款
 长期股权投资         3         114,959,841,455.93      103,001,611,185.89
 其他权益工具投资                   2,880,249,003.37        3,217,073,876.83
 其他非流动金融资产                                          3,535,850,527.86
 投资性房地产                         25,367,893.37          26,460,352.37
 固定资产                       87,441,220,906.55      91,912,217,948.12
 在建工程                          554,016,405.80         464,366,936.37
 生产性生物资产
 油气资产
 使用权资产                           627,450,963.12
 无形资产                            215,737,666.01      195,210,484.09
 开发支出
 商誉
 长期待摊费用                        46,852,291.35
 递延所得税资产                       54,093,268.78           73,320,614.32
 其他非流动资产                       15,586,434.83           15,586,434.83
  非流动资产合计                 206,820,416,289.11      202,441,698,360.68
   资产总计                   223,578,478,512.70      209,071,436,336.39
流动负债：
 短期借款                        6,200,000,000.00      10,850,000,000.00
 交易性金融负债
 衍生金融负债
 应付票据                             11,199,405.85       25,618,826.08
 应付账款                             43,773,051.97       42,133,196.84
 预收款项                                                  8,788,393.38
 合同负债
                      78 / 222
                         2021 年年度报告


  应付职工薪酬                  103,071,877.52      82,124,919.31
  应交税费                  3,155,919,191.32   2,689,038,478.78
  其他应付款                 1,586,637,370.63   1,627,706,272.34
  其中：应付利息                 905,763,803.99     902,865,871.52
     应付股利
  持有待售负债
  一年内到期的非流动负债          17,041,860,023.07  20,453,152,452.60
  其他流动负债                4,501,867,149.11   7,500,526,902.22
   流动负债合计              32,644,328,069.47  43,279,089,441.55
 非流动负债：
  长期借款                 29,999,200,000.00   7,000,000,000.00
  应付债券                 31,949,506,170.99  34,948,377,070.45
  其中：优先股
     永续债
  租赁负债                    599,098,301.21
  长期应付款
  长期应付职工薪酬
  预计负债
  递延收益
  递延所得税负债                 667,787,306.29     715,444,884.34
  其他非流动负债
   非流动负债合计             63,215,591,778.49  42,663,821,954.79
    负债合计               95,859,919,847.96  85,942,911,396.34
 所有者权益（或股东权益）：
  实收资本（或股本）            22,741,859,230.00  22,741,859,230.00
  其他权益工具
  其中：优先股
     永续债
  资本公积                 59,517,335,828.17  59,502,183,193.81
  减：库存股
  其他综合收益                2,087,397,686.80   1,820,853,213.49
  专项储备
  盈余公积                 22,934,762,401.97  22,934,762,401.97
  未分配利润                20,437,203,517.80  16,128,866,900.78
   所有者权益（或股东权
                      127,718,558,664.74 123,128,524,940.05
 益）合计
    负债和所有者权益
                      223,578,478,512.70 209,071,436,336.39
 （或股东权益）总计
公司负责人：雷鸣山   主管会计工作负责人：詹平原        会计机构负责人：张娜



                          合并利润表
                        2021 年 1—12 月
                                                       单位:元 币种:人民币
          项目              附注七             2021 年度           2020 年度
一、营业总收入                               55,646,253,991.83 57,783,367,039.83
其中：营业收入                     61        55,646,253,991.83 57,783,367,039.83
   利息收入
                           79 / 222
                    2021 年年度报告


    已赚保费
    手续费及佣金收入
二、营业总成本                          28,577,669,866.81 28,776,077,425.53
其中：营业成本               61         21,113,077,634.36 21,149,454,266.44
    利息支出
    手续费及佣金支出
    退保金
    赔付支出净额
    提取保险责任准备金净额
    保单红利支出
    分保费用
    税金及附加             62         1,163,620,190.60   1,192,929,347.63
    销售费用              63           150,419,652.08     115,417,318.42
    管理费用              64         1,359,765,980.97   1,292,798,651.45
    研发费用              65            39,416,834.88      39,568,009.51
    财务费用              66         4,751,369,573.92   4,985,909,832.08
    其中：利息费用                      4,802,658,407.18   5,166,955,172.60
       利息收入                        117,069,848.87     100,213,191.69
 加：其他收益               67             3,874,035.47       5,886,834.66
    投资收益（损失以“－”号填
                      68         5,425,670,105.27   4,052,756,076.57
列）
    其中：对联营企业和合营企业
                                 2,801,782,313.06   3,182,977,402.41
的投资收益
      以摊余成本计量的金融
资产终止确认收益
    汇兑收益（损失以“－”号填
列）
    净敞口套期收益（损失以
“-”号填列）
    公允价值变动收益（损失以
                      70           335,482,723.94    -172,887,058.21
“－”号填列）
    信用减值损失（损失以“-”
                      71           -11,731,842.75      -1,492,867.05
号填列）
    资产减值损失（损失以“-”
                      72            40,383,396.92     -17,737,932.85
号填列）
    资产处置收益（损失以“－”
                      73            13,911,487.71      22,038,670.15
号填列）
三、营业利润（亏损以“－”号填
                                 32,876,174,031.58 32,895,853,337.57
列）
 加：营业外收入              74            30,301,675.23      50,968,275.16
 减：营业外支出              75           497,131,532.13     491,280,818.61
四、利润总额（亏损总额以“－”号
                                 32,409,344,174.68 32,455,540,794.12
填列）
 减：所得税费用              76         5,923,900,313.19   5,949,278,995.30
五、净利润（净亏损以“－”号填
                                 26,485,443,861.49 26,506,261,798.82
列）
（一）按经营持续性分类
  1.持续经营净利润（净亏损以
                                 26,485,443,861.49 26,506,261,798.82
“－”号填列）
                      80 / 222
                   2021 年年度报告


  2.终止经营净利润（净亏损以
“－”号填列）
（二）按所有权归属分类
  1.归属于母公司股东的净利润
                                 26,272,998,503.24 26,297,890,222.70
（净亏损以“-”号填列）
  2.少数股东损益（净亏损以
                                   212,445,358.25     208,371,576.12
“-”号填列）
六、其他综合收益的税后净额                     -420,356,680.26 -2,342,891,062.80
 （一）归属母公司所有者的其他综
                                  -281,012,853.85 -2,034,622,149.75
合收益的税后净额
  1．不能重分类进损益的其他综
                                    90,422,060.48     -618,339,810.10
合收益
 （1）重新计量设定受益计划变动
额
 （2）权益法下不能转损益的其他
                                   215,172,334.71       2,747,070.92
综合收益
 （3）其他权益工具投资公允价值
                                  -124,750,274.23     -621,086,881.02
变动
 （4）企业自身信用风险公允价值
变动
  2．将重分类进损益的其他综合
                                  -371,434,914.33 -1,416,282,339.65
收益
 （1）权益法下可转损益的其他综
                                    64,315,949.96     -151,969,944.28
合收益
 （2）其他债权投资公允价值变动
 （3）金融资产重分类计入其他综
合收益的金额
 （4）其他债权投资信用减值准备
 （5）现金流量套期储备
 （6）外币财务报表折算差额                    -435,750,864.29 -1,264,312,395.37
 （7）其他
 （二）归属于少数股东的其他综合
                                  -139,343,826.41     -308,268,913.05
收益的税后净额
七、综合收益总额                         26,065,087,181.23 24,163,370,736.02
 （一）归属于母公司所有者的综合
                                 25,991,985,649.39 24,263,268,072.95
收益总额
 （二）归属于少数股东的综合收益
                                    73,101,531.84     -99,897,336.93
总额
八、每股收益：
 （一）基本每股收益(元/股)                            1.1553             1.1853
 （二）稀释每股收益(元/股)                            1.1553             1.1853

本期发生同一控制下企业合并的，被合并方在合并前实现的净利润为：0 元, 上期被合并方实现
的净利润为： 0 元。
公司负责人：雷鸣山   主管会计工作负责人：詹平原  会计机构负责人：张娜

                    母公司利润表
                   2021 年 1—12 月
                                                    单位:元 币种:人民币
                      81 / 222
                     2021 年年度报告


        项目           附注十七             2021 年度           2020 年度
一、营业收入                 4          27,652,551,080.97 28,904,856,391.56
 减：营业成本                4           8,841,065,102.39  8,931,263,633.65
     税金及附加                           471,425,275.87    455,436,526.45
     销售费用                             20,908,837.95     15,935,883.90
     管理费用                            677,195,961.45    640,685,662.72
     研发费用                             38,778,371.83     27,873,504.45
     财务费用                          3,227,047,752.11  2,997,856,378.73
     其中：利息费用                       3,288,985,829.44  3,042,612,320.94
        利息收入                          58,572,594.85     46,510,946.37
 加：其他收益                                2,135,953.86      3,213,340.84
     投资收益（损失以“－”号填
                        5         9,599,771,328.66   3,739,463,466.11
列）
     其中：对联营企业和合营企业
                                  2,612,071,186.00   3,072,615,088.68
的投资收益
       以摊余成本计量的金融
资产终止确认收益
     净敞口套期收益（损失以
“-”号填列）
     公允价值变动收益（损失以
                                                      -209,840,546.90
“－”号填列）
     信用减值损失（损失以“-”
                                       -124,816.41        -350,732.57
号填列）
     资产减值损失（损失以“-”
                                     22,754,191.25       2,874,293.16
号填列）
     资产处置收益（损失以“－”
                                     14,323,190.45      22,067,694.01
号填列）
二、营业利润（亏损以“－”号填
                                  24,014,989,627.18 19,393,232,316.31
列）
 加：营业外收入                             29,604,402.57      50,769,195.13
 减：营业外支出                            242,285,663.14     203,146,732.61
三、利润总额（亏损总额以“－”号
                                  23,802,308,366.61 19,240,854,778.83
填列）
   减：所得税费用                        3,767,610,766.03   3,885,963,636.63
四、净利润（净亏损以“－”号填
                                  20,034,697,600.58 15,354,891,142.20
列）
  （一）持续经营净利润（净亏损以
                                  20,034,697,600.58 15,354,891,142.20
“－”号填列）
  （二）终止经营净利润（净亏损以
“－”号填列）
五、其他综合收益的税后净额                       -20,207,390.55    -679,063,249.48
 （一）不能重分类进损益的其他综
                                    -73,014,123.15    -518,292,306.81
合收益
   1.重新计量设定受益计划变动额
   2.权益法下不能转损益的其他综
                                    210,427,223.37       3,356,909.21
合收益
   3.其他权益工具投资公允价值变
                                   -283,441,346.52    -521,649,216.02
动


                       82 / 222
                    2021 年年度报告


  4.企业自身信用风险公允价值变
动
 （二）将重分类进损益的其他综合
                                      52,806,732.60    -160,770,942.67
收益
  1.权益法下可转损益的其他综合
                                      52,806,732.60    -160,770,942.67
收益
  2.其他债权投资公允价值变动
  3.金融资产重分类计入其他综合
收益的金额
  4.其他债权投资信用减值准备
  5.现金流量套期储备
  6.外币财务报表折算差额
  7.其他
六、综合收益总额                          20,014,490,210.03 14,675,827,892.72
七、每股收益：
  （一）基本每股收益(元/股)
  （二）稀释每股收益(元/股)

公司负责人：雷鸣山   主管会计工作负责人：詹平原                会计机构负责人：张娜




                    合并现金流量表
                    2021 年 1—12 月
                                                 单位：元 币种：人民币
       项目            附注七             2021年度          2020年度
一、经营活动产生的现金流量：
 销售商品、提供劳务收到的现金                   62,861,271,803.49   65,699,895,013.35
 客户存款和同业存放款项净增加额
 向中央银行借款净增加额
 向其他金融机构拆入资金净增加额
 收到原保险合同保费取得的现金
 收到再保业务现金净额
 保户储金及投资款净增加额
 收取利息、手续费及佣金的现金
 拆入资金净增加额
 回购业务资金净增加额
 代理买卖证券收到的现金净额
 收到的税费返还
 收到其他与经营活动有关的现金        78            701,153,868.69      528,865,293.99
  经营活动现金流入小计                      63,562,425,672.18   66,228,760,307.34
 购买商品、接受劳务支付的现金                   11,095,390,713.22    9,499,436,962.27
 客户贷款及垫款净增加额
 存放中央银行和同业款项净增加额
 支付原保险合同赔付款项的现金
 拆出资金净增加额
 支付利息、手续费及佣金的现金
 支付保单红利的现金
 支付给职工及为职工支付的现金                    2,803,197,556.38    2,610,978,872.63
                       83 / 222
                   2021 年年度报告


 支付的各项税费                         13,123,193,534.72   12,180,759,493.47
 支付其他与经营活动有关的现金      78             808,182,134.60      900,720,578.57
  经营活动现金流出小计                     27,829,963,938.92   25,191,895,906.94
   经营活动产生的现金流量净额                 35,732,461,733.26   41,036,864,400.40
二、投资活动产生的现金流量：
 收回投资收到的现金                      140,253,288,981.75   91,515,324,035.50
 取得投资收益收到的现金                      1,973,990,756.86    1,588,089,130.39
 处置固定资产、无形资产和其他长
                                    22,040,168.08       11,688,319.11
期资产收回的现金净额
 处置子公司及其他营业单位收到的
现金净额
 收到其他与投资活动有关的现金
  投资活动现金流入小计                    142,249,319,906.69   93,115,101,485.00
 购建固定资产、无形资产和其他长
                                  3,473,877,431.53    3,627,862,822.44
期资产支付的现金
                                                     101,333,734,312.2
 投资支付的现金                        145,340,651,877.96
                                                                     1
 质押贷款净增加额
 取得子公司及其他营业单位支付的
                                                     24,000,543,409.77
现金净额
 支付其他与投资活动有关的现金      78                                 190,217,371.81
                                                     129,152,357,916.2
  投资活动现金流出小计                    148,814,529,309.49
                                                                     3
                                                                     -
   投资活动产生的现金流量净额                 -6,565,209,402.80
                                                     36,037,256,431.23
三、筹资活动产生的现金流量：
 吸收投资收到的现金                         155,000,000.00    14,931,906,615.82
 其中：子公司吸收少数股东投资收
                                   155,000,000.00     1,476,545,673.69
到的现金
 取得借款收到的现金                       78,053,784,848.58   99,092,695,765.97
 收到其他与筹资活动有关的现金      78           1,160,432,406.00    5,974,723,001.24
                                                     119,999,325,383.0
  筹资活动现金流入小计                     79,369,217,254.58
                                                                     3
 偿还债务支付的现金                       80,388,318,465.26   95,990,337,350.22
 分配股利、利润或偿付利息支付的
                                 20,007,782,816.36   19,291,552,358.96
现金
 其中：子公司支付给少数股东的股
                                    27,100,257.89      108,579,541.22
利、利润
 支付其他与筹资活动有关的现金      78           7,353,856,997.34    7,724,761,705.94
                                                     123,006,651,415.1
  筹资活动现金流出小计                    107,749,958,278.96
                                                                     2
   筹资活动产生的现金流量净额                -28,380,741,024.38   -3,007,326,032.09
四、汇率变动对现金及现金等价物的
                                   -85,945,498.20      -86,009,125.31
影响
五、现金及现金等价物净增加额       79             700,565,807.88    1,906,272,811.77
 加：期初现金及现金等价物余额      79           9,224,213,791.79    7,317,940,980.02
六、期末现金及现金等价物余额       79           9,924,779,599.67    9,224,213,791.79

公司负责人：雷鸣山   主管会计工作负责人：詹平原               会计机构负责人：张娜
                     84 / 222
                    2021 年年度报告




                   母公司现金流量表
                   2021 年 1—12 月
                                                      单位:元 币种:人民币
       项目             附注              2021年度             2020年度
一、经营活动产生的现金流量：
 销售商品、提供劳务收到的现金                   31,193,865,969.72    32,127,048,335.16
 收到的税费返还
 收到其他与经营活动有关的现金                      208,877,548.33       173,211,165.88
  经营活动现金流入小计                      31,402,743,518.05    32,300,259,501.04
 购买商品、接受劳务支付的现金                    3,067,455,979.60     3,218,720,948.02
 支付给职工及为职工支付的现金                    1,642,512,828.08     1,466,666,561.48
 支付的各项税费                           7,193,187,138.25     6,177,649,094.80
 支付其他与经营活动有关的现金                      467,575,677.81       410,422,370.54
  经营活动现金流出小计                      12,370,731,623.74    11,273,458,974.84
 经营活动产生的现金流量净额                    19,032,011,894.31    21,026,800,526.20
二、投资活动产生的现金流量：
 收回投资收到的现金                        57,504,637,386.36    80,987,493,485.00
 取得投资收益收到的现金                       1,777,346,294.15     1,368,418,342.85
 处置固定资产、无形资产和其他长
                                     16,979,585.78         11,688,319.11
期资产收回的现金净额
 处置子公司及其他营业单位收到的
现金净额
 收到其他与投资活动有关的现金
  投资活动现金流入小计                      59,298,963,266.29    82,367,600,146.96
 购建固定资产、无形资产和其他长
                                    591,518,456.59       633,486,211.31
期资产支付的现金
 投资支付的现金                          64,329,707,776.51   105,645,041,990.10
 取得子公司及其他营业单位支付的
现金净额
 支付其他与投资活动有关的现金
  投资活动现金流出小计                      64,921,226,233.10   106,278,528,201.41
   投资活动产生的现金流量净额                  -5,622,262,966.81   -23,910,928,054.45
三、筹资活动产生的现金流量：
 吸收投资收到的现金                                             13,305,360,942.13
 取得借款收到的现金                        55,699,160,000.00    43,516,491,323.20
 收到其他与筹资活动有关的现金
  筹资活动现金流入小计                      55,699,160,000.00    56,821,852,265.33
 偿还债务支付的现金                        46,811,000,000.00    36,234,800,000.00
 分配股利、利润或偿付利息支付的
                                  19,174,579,734.92    17,937,278,417.40
现金
 支付其他与筹资活动有关的现金                       99,550,883.87        32,351,234.50
  筹资活动现金流出小计                      66,085,130,618.79    54,204,429,651.90
   筹资活动产生的现金流量净额                                  -
                                                        2,617,422,613.43
                                  10,385,970,618.79
四、汇率变动对现金及现金等价物的
                                        -201,000.70        49,632,396.56
影响
五、现金及现金等价物净增加额                     3,023,577,308.01      -217,072,518.26
                       85 / 222
                  2021 年年度报告


 加：期初现金及现金等价物余额                3,978,908,570.72   4,195,981,088.98
六、期末现金及现金等价物余额                 7,002,485,878.73   3,978,908,570.72

公司负责人：雷鸣山   主管会计工作负责人：詹平原             会计机构负责人：张娜




                    86 / 222
                                                                           2021 年年度报告



                                                                    合并所有者权益变动表
                                                                     2021 年 1—12 月
                                                                                                                                                    单位:元 币种:人民币
                                                                                                   2021 年度

                                                             归属于母公司所有者权益

                            其他权                                                                    一
 项目                                                     减
                            益工具                                            专                       般                                                少数股东权益            所有者权益合计
                                                        ：
        实收资本(或股                                                            项                       风                       其
                            优 永        资本公积             库 其他综合收益                  盈余公积                  未分配利润                        小计
          本)                    其                                          储                       险                       他
                            先 续                         存
                                他                                          备                       准
                            股 债                         股
                                                                                                   备
一、上年                                                                                                                                                6,203,459,484.1
        22,741,859,230.00           56,928,124,174.94     313,556,807.71       24,319,522,433.93       67,815,084,345.02       172,118,146,991.60                     178,321,606,475.74
年末余额                                                                                                                                                              4
加：会计
                                                          318,158,690.31                                 157,107,416.85           475,266,107.16       -232,535.20       475,033,571.96
政策变更
   前期
差错更正
   同一
控制下企
业合并
   其他
二、本年                                                                                                                                                6,203,226,948.9
        22,741,859,230.00           56,928,124,174.94     631,715,498.02       24,319,522,433.93       67,972,191,761.87       172,593,413,098.76                     178,796,640,047.70
期初余额                                                                                                                                                              4
三、本期
增减变动
金额（减                                                                                                                                                3,021,176,453.4
                                      -12,783,917.97     -312,799,693.60                               8,795,989,999.08         8,470,406,387.51                      11,491,582,841.00
少以                                                                                                                                                                9
“－”号
填列）
（一）综
合收益总                                                     -281,012,853.85                               26,272,998,503.24       25,991,985,649.39     73,101,531.84    26,065,087,181.23
额
（二）所                                                                                                                                                2,975,570,832.3
                                      -23,176,767.67                                                                              -23,176,767.67                       2,952,394,064.64
有者投入                                                                                                                                                              1


                                                                               87 / 222
                                          2021 年年度报告

和减少资
本
1．所有者
                                                                                                 6,575,739,808.3
投入的普                                                                                                                6,575,739,808.37
                                                                                                               7
通股
2．其他权
益工具持
有者投入
资本
3．股份支
付计入所
有者权益
的金额
4．其他                                                                                                           -
        -23,176,767.67                                                         -23,176,767.67    3,600,168,976.0   -3,623,345,743.73
                                                                                                               6
（三）利
                                                       -15,919,301,461.00   -15,919,301,461.00    -27,990,962.24   -15,947,292,423.24
润分配
1．提取盈
余公积
2．提取一
般风险准
备
3．对所有
者（或股
                                                       -15,919,301,461.00   -15,919,301,461.00    -27,990,962.24   -15,947,292,423.24
东）的分
配
4．其他
（四）所
有者权益                     -31,786,839.75                    31,786,839.75
内部结转
1．资本公
积转增资
本（或股
本）
2．盈余公
积转增资


                                            88 / 222
                                                                           2021 年年度报告

本（或股
本）
3．盈余公
积弥补亏
损
4．设定受
益计划变
动额结转
留存收益
5．其他综
合收益结
                                                          -31,786,839.75                                31,786,839.75
转留存收
益
6．其他
（五）专
项储备
1．本期提
取
2．本期使
用
（六）其
                                       10,392,849.70                                                 -1,589,493,882.91       -1,579,101,033.21        495,051.58    -1,578,605,981.63
他
四、本期                                                                                                                                              9,224,403,402.4
        22,741,859,230.00           56,915,340,256.97     318,915,804.42     24,319,522,433.93       76,768,181,760.95       181,063,819,486.27                     190,288,222,888.70
期末余额                                                                                                                                                            3



                                                                                                 2020 年度

                                                           归属于母公司所有者权益

                            其他权                                                                  一
                                                        减
 项目                         益工具                                             专                    般
                                                        ：                                                                                         少数股东权益            所有者权益合计
        实收资本 (或                                                             项                    风                       其
                            优 永        资本公积             库 其他综合收益                  盈余公积               未分配利润                      小计
          股本)                   其                                           储                    险                       他
                            先 续                         存
                                他                                           备                    准
                            股 债                         股
                                                                                                 备




                                                                             89 / 222
                                                                2021 年年度报告

一、上年                                                                                      56,473,906,836.
        22,000,000,000.00   44,364,313,786.27   2,352,431,567.60      24,319,522,433.93                     149,510,174,624.05    505,791,900.93    150,015,966,524.98
年末余额                                                                                                   25
加：会计
政策变更
   前期
差错更正
   同一
控制下企
业合并
   其他
二、本年                                                                                      56,473,906,836.
        22,000,000,000.00   44,364,313,786.27   2,352,431,567.60      24,319,522,433.93                     149,510,174,624.05    505,791,900.93    150,015,966,524.98
期初余额                                                                                                   25
三、本期
增减变动
金额（减                                                                                      11,341,177,508.
          741,859,230.00    12,563,810,388.67   -2,038,874,759.89                                           22,607,972,367.55    5,697,667,583.21   28,305,639,950.76
少以                                                                                                     77
“－”号
填列）
（一）综
                                                                                          26,297,890,222.
合收益总                                            -2,034,622,149.75                                           24,263,268,072.95     -99,897,336.93    24,163,370,736.02
                                                                                                       70
额
（二）所
有者投入
          741,859,230.00    12,562,562,126.53                                                               13,304,421,356.53    5,913,416,400.70   19,217,837,757.23
和减少资
本
1．所有者
投入的普      741,859,230.00    12,562,562,126.53                                                               13,304,421,356.53    1,444,847,184.99   14,749,268,541.52
通股
2．其他权
益工具持
有者投入
资本
3．股份支
付计入所
有者权益
的金额
4．其他                                                                                                                             4,468,569,215.71    4,468,569,215.71


                                                                    90 / 222
