                  2022 年年度报告


未能发现由于错误导致的重大错报的风险。
 2．了解与审计相关的内部控制，以设计恰当的审计程序，但目的并非对内部控制的有效性发
表意见。
 3．评价管理层选用会计政策的恰当性和作出会计估计及相关披露的合理性。
 4．对管理层使用持续经营假设的恰当性得出结论。同时，根据获取的审计证据，就可能导致
对长江电力持续经营能力产生重大疑虑的事项或情况是否存在重大不确定性得出结论。如果我们
得出结论认为存在重大不确定性，审计准则要求我们在审计报告中提请报告使用者注意财务报表
中的相关披露；如果披露不充分，我们应当发表非无保留意见。我们的结论基于截至审计报告日
可获得的信息。然而，未来的事项或情况可能导致长江电力不能持续经营。
 5．评价财务报表的总体列报、结构和内容，并评价财务报表是否公允反映相关交易和事项。
 6．就长江电力中实体或业务活动的财务信息获取充分、适当的审计证据，以对财务报表发表
意见。我们负责指导、监督和执行集团审计，并对审计意见承担全部责任。
 我们与治理层就计划的审计范围、时间安排和重大审计发现等事项进行沟通，包括沟通我们
在审计中识别出的值得关注的内部控制缺陷。
 我们还就已遵守与独立性相关的职业道德要求向治理层提供声明，并与治理层沟通可能被合
理认为影响我们独立性的所有关系和其他事项，以及相关的防范措施（如适用）。
 从与治理层沟通过的事项中，我们确定哪些事项对本期财务报表审计最为重要，因而构成关
键审计事项。我们在审计报告中描述这些事项，除非法律法规禁止公开披露这些事项，或在极少
数情形下，如果合理预期在审计报告中沟通某事项造成的负面后果超过在公众利益方面产生的益
处，我们确定不应在审计报告中沟通该事项。




   大华会计师事务所(特殊普通合伙)              中国注册会计师：

                                 （项目合伙人）    郝丽江


        中国·北京                    中国注册会计师：

                                            沈彦波



                                  二〇二三年四月二十七日




                      87 / 236
                          2022 年年度报告


二、财务报表
                          合并资产负债表
                  2022 年 12 月 31 日
编制单位: 中国长江电力股份有限公司
                                                        单位:元 币种:人民币
       项目           附注七        2022 年 12 月 31 日         2021 年 12 月 31 日
流动资产：
 货币资金                1             9,302,181,506.57       9,929,980,061.69
 结算备付金
 拆出资金
 交易性金融资产
 衍生金融资产
 应收票据                                    278,144.44             524,640.21
 应收账款                5             4,396,341,092.97       3,768,258,804.36
 应收款项融资
 预付款项                7                 65,664,625.30        93,606,544.48
 应收保费
 应收分保账款
 应收分保合同准备金
 其他应收款               8                 834,628,652.38       628,719,306.50
 买入返售金融资产
 存货                  9                 453,397,486.64       470,031,320.31
 合同资产
 持有待售资产
 一年内到期的非流动资产
 其他流动资产              13              249,852,773.42       3,032,334,387.33
  流动资产合计                          15,302,344,281.72      17,923,455,064.88
非流动资产：
 发放贷款和垫款
 债权投资                14            1,034,000,503.90       1,014,594,368.22
 其他债权投资
 长期应收款
 长期股权投资              17          67,166,066,218.63       60,716,844,608.70
 其他权益工具投资            18           3,312,302,551.08        3,457,356,904.37
 其他非流动金融资产           19           1,611,389,626.19        1,622,160,091.31
 投资性房地产              20             101,238,293.84          113,822,846.75
 固定资产                21         211,350,781,344.94      218,712,613,101.63
 在建工程                22           2,871,368,919.13        2,891,576,923.64
 生产性生物资产
 油气资产
 使用权资产               25             655,490,732.10          637,016,483.14
 无形资产                26          22,112,733,048.47       20,181,419,977.24
 开发支出                27              88,053,467.73
 商誉                  28           1,081,106,204.00          987,246,902.63
 长期待摊费用              29              63,085,397.48           47,615,228.81
 递延所得税资产             30             273,742,783.29          241,972,703.05
 其他非流动资产             31             244,581,674.83           15,586,434.83
  非流动资产合计                       311,965,940,765.61      310,639,826,574.32
                            88 / 236
                     2022 年年度报告


   资产总计                    327,268,285,047.33      328,563,281,639.20
流动负债：
 短期借款           32           26,752,360,688.10     12,315,812,640.00
 向中央银行借款
 拆入资金
 交易性金融负债
 衍生金融负债
 应付票据                               1,482,159.19       11,199,405.85
 应付账款           36                940,559,332.34      682,732,769.54
 预收款项
 合同负债                              8,760,834.09        13,389,470.26
 卖出回购金融资产款
 吸收存款及同业存放
 代理买卖证券款
 代理承销证券款
 应付职工薪酬         39              329,742,120.20        254,195,056.07
 应交税费           40            1,847,918,351.80      4,716,410,703.94
 其他应付款          41           11,150,612,409.93     13,470,287,522.53
 应付手续费及佣金
 应付分保账款
 持有待售负债
 一年内到期的非流动负债    43            8,196,293,261.01     17,440,128,682.74
 其他流动负债         44            3,230,604,702.92      4,502,059,923.29
  流动负债合计                     52,458,333,859.58     53,406,216,174.22
非流动负债：
 保险合同准备金
 长期借款           45           38,617,506,722.40     36,439,373,166.26
 应付债券           46           37,620,231,630.91     33,978,897,510.99
 其中：优先股
    永续债
 租赁负债           47                620,996,116.15      639,176,461.52
 长期应付款          48                                 11,855,875,004.42
 长期应付职工薪酬
 预计负债                            50,640,048.92         18,434,099.44
 递延收益                             8,178,437.54          5,903,248.03
 递延所得税负债        30            2,138,289,001.46      1,931,183,085.62
 其他非流动负债
  非流动负债合计                   79,055,841,957.38       84,868,842,576.28
   负债合计                    131,514,175,816.96      138,275,058,750.50
所有者权益（或股东权益）：
 实收资本（或股本）      53           22,741,859,230.00     22,741,859,230.00
 其他权益工具
 其中：优先股
    永续债
 资本公积           55           57,099,421,111.09     56,915,340,256.97
 减：库存股
 其他综合收益         57            1,786,297,242.20        318,915,804.42
 专项储备           58
                       89 / 236
                      2022 年年度报告


 盈余公积           59              24,319,522,433.93      24,319,522,433.93
 一般风险准备
 未分配利润          60              79,541,150,599.60      76,768,181,760.95
 归属于母公司所有者权益
                              185,488,250,616.82      181,063,819,486.27
（或股东权益）合计
 少数股东权益                         10,265,858,613.55       9,224,403,402.43
  所有者权益（或股东权
                              195,754,109,230.37      190,288,222,888.70
益）合计
   负债和所有者权益
                              327,268,285,047.33      328,563,281,639.20
（或股东权益）总计

公司负责人：雷鸣山 主管会计工作负责人：詹平原 会计机构负责人：张娜



                     母公司资产负债表
                     2022 年 12 月 31 日
编制单位:中国长江电力股份有限公司
                                                      单位:元 币种:人民币
      项目       附注十七          2022 年 12 月 31 日         2021 年 12 月 31 日
流动资产：
 货币资金                            4,220,288,136.98       7,002,485,878.73
 交易性金融资产
 衍生金融资产
 应收票据
 应收账款           1                1,329,354,981.68       1,525,800,124.22
 应收款项融资
 预付款项                               10,411,724.31          71,735,485.97
 其他应收款          2               25,300,941,979.37       5,189,895,851.59
 存货                                201,514,284.04         203,484,657.44
 合同资产
 持有待售资产
 一年内到期的非流动资产
 其他流动资产                             93,091,713.49       2,764,660,225.64
  流动资产合计                        31,155,602,819.87      16,758,062,223.59
非流动资产：
 债权投资
 其他债权投资
 长期应收款
 长期股权投资         3             123,552,579,867.99      114,959,841,455.93
 其他权益工具投资                       2,848,667,611.91        2,880,249,003.37
 其他非流动金融资产                        277,112,153.50
 投资性房地产                                                    25,367,893.37
 固定资产                           83,898,848,901.09      87,441,220,906.55
 在建工程                              596,807,446.95         554,016,405.80
 生产性生物资产
 油气资产
 使用权资产                               628,119,534.85       627,450,963.12
 无形资产                                271,569,128.96       215,737,666.01
                          90 / 236
                2022 年年度报告


 开发支出                        81,160,928.60
 商誉
 长期待摊费用                    60,225,039.51           46,852,291.35
 递延所得税资产                   61,781,310.15           54,093,268.78
 其他非流动资产                  179,137,636.50           15,586,434.83
  非流动资产合计             212,456,009,560.01      206,820,416,289.11
   资产总计               243,611,612,379.88      223,578,478,512.70
流动负债：
 短期借款                   24,176,957,699.99      6,200,000,000.00
 交易性金融负债
 衍生金融负债
 应付票据                          1,482,159.19       11,199,405.85
 应付账款                        123,630,736.09       43,773,051.97
 预收款项
 合同负债
 应付职工薪酬                    117,891,397.60        103,071,877.52
 应交税费                      354,656,687.24      3,155,919,191.32
 其他应付款                   1,247,878,948.32      1,586,637,370.63
 持有待售负债
 一年内到期的非流动负债             6,905,126,757.29     17,041,860,023.07
 其他流动负债                  3,008,978,955.49      4,501,867,149.11
  流动负债合计                35,936,603,341.21     32,644,328,069.47
非流动负债：
 长期借款                   31,956,400,000.00     29,999,200,000.00
 应付债券                   35,583,163,020.91     31,949,506,170.99
 其中：优先股
    永续债
 租赁负债                        573,619,182.19      599,098,301.21
 长期应付款
 长期应付职工薪酬
 预计负债
 递延收益                          3,084,932.96
 递延所得税负债                     685,742,638.72      667,787,306.29
 其他非流动负债
  非流动负债合计              68,802,009,774.78      63,215,591,778.49
   负债合计               104,738,613,115.99      95,859,919,847.96
所有者权益（或股东权益）：
 实收资本（或股本）              22,741,859,230.00     22,741,859,230.00
 其他权益工具
 其中：优先股
    永续债
 资本公积                   59,682,327,450.43     59,517,335,828.17
 减：库存股
 其他综合收益                  2,103,793,431.09      2,087,397,686.80
 专项储备
 盈余公积                   22,934,762,401.97     22,934,762,401.97
 未分配利润                  31,410,256,750.40     20,437,203,517.80

                  91 / 236
                         2022 年年度报告


   所有者权益（或股东权
                      138,872,999,263.89 127,718,558,664.74
 益）合计
    负债和所有者权益
                      243,611,612,379.88 223,578,478,512.70
 （或股东权益）总计
公司负责人：雷鸣山 主管会计工作负责人：詹平原 会计机构负责人：张娜



                          合并利润表
                        2022 年 1—12 月
                                                        单位:元 币种:人民币
        项目               附注七               2022 年度           2021 年度
一、营业总收入                                52,060,482,557.85 55,646,253,991.83
其中：营业收入                    61          52,060,482,557.85 55,646,253,991.83
    利息收入
    已赚保费
    手续费及佣金收入
二、营业总成本                                29,011,909,646.66 28,577,669,866.81
其中：营业成本                    61          22,232,888,528.67 21,113,077,634.36
    利息支出
    手续费及佣金支出
    退保金
    赔付支出净额
    提取保险责任准备金净额
    保单红利支出
    分保费用
    税金及附加                  62          1,071,970,761.28   1,163,620,190.60
    销售费用                   63            165,177,033.72     150,419,652.08
    管理费用                   64          1,360,283,180.14   1,359,765,980.97
    研发费用                   65             89,655,150.76      39,416,834.88
    财务费用                   66          4,091,934,992.09   4,751,369,573.92
    其中：利息费用                            4,274,748,808.50   4,802,658,407.18
       利息收入                              167,046,500.76     117,069,848.87
 加：其他收益                    67              3,152,980.56       3,874,035.47
    投资收益（损失以“－”号
                           68          4,600,135,961.66   5,425,670,105.27
填列）
    其中：对联营企业和合营企
                                       3,534,235,036.26   2,801,782,313.06
业的投资收益
      以摊余成本计量的金
融资产终止确认收益
    汇兑收益（损失以“－”号
填列）
    净敞口套期收益（损失以
“-”号填列）
    公允价值变动收益（损失以
                           70           -385,326,649.11     335,482,723.94
“－”号填列）
    信用减值损失（损失以
                           71             -9,975,574.59     -11,731,842.75
“-”号填列）
    资产减值损失（损失以
                           72           -268,376,214.19      40,383,396.92
“-”号填列）
                            92 / 236
                   2022 年年度报告


    资产处置收益（损失以
                    73            -52,126,114.24      13,911,487.71
“－”号填列）
三、营业利润（亏损以“－”号填
                                26,936,057,301.28 32,876,174,031.58
列）
 加：营业外收入            74              2,077,623.07      30,301,675.23
 减：营业外支出            75            624,749,050.11     497,131,532.13
四、利润总额（亏损总额以“－”
                                26,313,385,874.24 32,409,344,174.68
号填列）
 减：所得税费用            76          4,664,088,367.81   5,923,900,313.19
五、净利润（净亏损以“－”号填
                                21,649,297,506.43 26,485,443,861.49
列）
（一）按经营持续性分类
  1.持续经营净利润（净亏损以
                                21,649,297,506.43 26,485,443,861.49
“－”号填列）
  2.终止经营净利润（净亏损以
“－”号填列）
（二）按所有权归属分类
  1.归属于母公司股东的净利润
                                21,309,033,980.94 26,272,998,503.24
（净亏损以“-”号填列）
  2.少数股东损益（净亏损以
                                  340,263,525.49     212,445,358.25
“-”号填列）
六、其他综合收益的税后净额                   2,367,236,548.79    -420,356,680.26
 （一）归属母公司所有者的其他
                                1,472,754,125.71    -281,012,853.85
综合收益的税后净额
  1．不能重分类进损益的其他
                                 -186,316,080.67      90,422,060.48
综合收益
 （1）重新计量设定受益计划变
动额
 （2）权益法下不能转损益的其
                                  -41,835,215.80     215,172,334.71
他综合收益
 （3）其他权益工具投资公允价
                                 -144,480,864.87    -124,750,274.23
值变动
 （4）企业自身信用风险公允价
值变动
  2．将重分类进损益的其他综
                                1,659,070,206.38    -371,434,914.33
合收益
 （1）权益法下可转损益的其他
                                  104,028,510.66      64,315,949.96
综合收益
 （2）其他债权投资公允价值变
动
 （3）金融资产重分类计入其他
综合收益的金额
 （4）其他债权投资信用减值准
备
 （5）现金流量套期储备
 （6）外币财务报表折算差额                  1,555,041,695.72    -435,750,864.29
 （7）其他
 （二）归属于少数股东的其他综
                                  894,482,423.08    -139,343,826.41
合收益的税后净额

                     93 / 236
                   2022 年年度报告


七、综合收益总额                         24,016,534,055.22 26,065,087,181.23
 （一）归属于母公司所有者的综
                                 22,781,788,106.65 25,991,985,649.39
合收益总额
 （二）归属于少数股东的综合收
                                 1,234,745,948.57      73,101,531.84
益总额
八、每股收益：
 （一）基本每股收益(元/股)                            0.9370             1.1553
 （二）稀释每股收益(元/股)                            0.9370             1.1553

本期发生同一控制下企业合并的，被合并方在合并前实现的净利润为：0 元, 上期被合并方实现
的净利润为： 0 元。
公司负责人：雷鸣山 主管会计工作负责人：詹平原 会计机构负责人：张娜

                    母公司利润表
                   2022 年 1—12 月
                                                   单位:元 币种:人民币
       项目          附注十七              2022 年度           2021 年度
一、营业收入               4           21,428,471,903.12 27,652,551,080.97
 减：营业成本              4            8,665,057,879.50  8,841,065,102.39
    税金及附加                           366,769,380.24    471,425,275.87
    销售费用                             45,380,997.48     20,908,837.95
    管理费用                            667,068,278.90    677,195,961.45
    研发费用                             81,268,744.45     38,778,371.83
    财务费用                          3,394,717,400.16  3,227,047,752.11
    其中：利息费用                       3,446,846,821.85  3,288,985,829.44
       利息收入                          77,995,274.77     58,572,594.85
 加：其他收益                               2,315,770.21      2,135,953.86
    投资收益（损失以“－”号      5
                                 24,052,842,562.79   9,599,771,328.66
填列）
    其中：对联营企业和合营企
                                 3,080,789,762.34    2,612,071,186.00
业的投资收益
      以摊余成本计量的金
融资产终止确认收益
    净敞口套期收益（损失以
“-”号填列）
    公允价值变动收益（损失以
                                   -15,791,300.30
“－”号填列）
    信用减值损失（损失以
                                      -220,305.14        -124,816.41
“-”号填列）
    资产减值损失（损失以
                                  -250,094,682.60      22,754,191.25
“-”号填列）
    资产处置收益（损失以
                                     5,592,369.05      14,323,190.45
“－”号填列）
二、营业利润（亏损以“－”号填
                                 32,002,853,636.40 24,014,989,627.18
列）
 加：营业外收入                                31,845.94       29,604,402.57
 减：营业外支出                           344,102,368.14      242,285,663.14
三、利润总额（亏损总额以“－”
                                 31,658,783,114.20 23,802,308,366.61
号填列）
                      94 / 236
                     2022 年年度报告


   减：所得税费用                          2,148,553,518.57    3,767,610,766.03
四、净利润（净亏损以“－”号填
                                   29,510,229,595.63 20,034,697,600.58
列）
  （一）持续经营净利润（净亏
                                   29,510,229,595.63 20,034,697,600.58
损以“－”号填列）
  （二）终止经营净利润（净亏
损以“－”号填列）
五、其他综合收益的税后净额                          20,657,211.48      -20,207,390.55
 （一）不能重分类进损益的其他
                                      -54,624,288.57      -73,014,123.15
综合收益
   1.重新计量设定受益计划变动
额
   2.权益法下不能转损益的其他
                                      -30,938,244.97      210,427,223.37
综合收益
   3.其他权益工具投资公允价值
                                      -23,686,043.60     -283,441,346.52
变动
   4.企业自身信用风险公允价值
变动
 （二）将重分类进损益的其他综
                                       75,281,500.05      52,806,732.60
合收益
   1.权益法下可转损益的其他综
                                       75,281,500.05      52,806,732.60
合收益
   2.其他债权投资公允价值变动
   3.金融资产重分类计入其他综
合收益的金额
   4.其他债权投资信用减值准备
   5.现金流量套期储备
   6.外币财务报表折算差额
   7.其他
六、综合收益总额                           29,530,886,807.11 20,014,490,210.03
七、每股收益：
   （一）基本每股收益(元/股)
   （二）稀释每股收益(元/股)

公司负责人：雷鸣山 主管会计工作负责人：詹平原 会计机构负责人：张娜




                    合并现金流量表
                    2022 年 1—12 月
                                                  单位：元 币种：人民币
      项目            附注七              2022年度           2021年度
一、经营活动产生的现金流量：
 销售商品、提供劳务收到的
                                  58,947,811,679.22    62,861,271,803.49
现金
 客户存款和同业存放款项净
增加额
 向中央银行借款净增加额


                       95 / 236
                 2022 年年度报告


 向其他金融机构拆入资金净
增加额
 收到原保险合同保费取得的
现金
 收到再保业务现金净额
 保户储金及投资款净增加额
 收取利息、手续费及佣金的
现金
 拆入资金净增加额
 回购业务资金净增加额
 代理买卖证券收到的现金净
额
 收到的税费返还                             6,152,331.77
 收到其他与经营活动有关的    78
                                    478,846,159.95      701,153,868.69
现金
  经营活动现金流入小计                     59,432,810,170.94   63,562,425,672.18
 购买商品、接受劳务支付的
                                  9,757,585,888.03   11,095,390,713.22
现金
 客户贷款及垫款净增加额
 存放中央银行和同业款项净
增加额
 支付原保险合同赔付款项的
现金
 拆出资金净增加额
 支付利息、手续费及佣金的
现金
 支付保单红利的现金
 支付给职工及为职工支付的
                                  3,118,714,783.07    2,803,197,556.38
现金
 支付的各项税费                         14,722,677,273.15   13,123,193,534.72
 支付其他与经营活动有关的    78
                                    921,099,996.57      808,182,134.60
现金
  经营活动现金流出小计                     28,520,077,940.82   27,829,963,938.92
   经营活动产生的现金流
                                 30,912,732,230.12   35,732,461,733.26
量净额
二、投资活动产生的现金流量：
 收回投资收到的现金                   114,400,141,415.41      140,253,288,981.75
 取得投资收益收到的现金                   1,740,104,203.83        1,973,990,756.86
 处置固定资产、无形资产和
                                    37,035,446.81        22,040,168.08
其他长期资产收回的现金净额
 处置子公司及其他营业单位
收到的现金净额
 收到其他与投资活动有关的    78
                                    34,202,605.40
现金
  投资活动现金流入小计                 116,211,483,671.45      142,249,319,906.69
 购建固定资产、无形资产和
                                  4,870,677,373.65    3,473,877,431.53
其他长期资产支付的现金
 投资支付的现金                     115,432,281,989.81      145,340,651,877.96
 质押贷款净增加额

                      96 / 236
                  2022 年年度报告


 取得子公司及其他营业单位
支付的现金净额
 支付其他与投资活动有关的     78
                                      1,615,875.87
现金
  投资活动现金流出小计                  120,304,575,239.33      148,814,529,309.49
   投资活动产生的现金流
                                  -4,093,091,567.88    -6,565,209,402.80
量净额
三、筹资活动产生的现金流量：
 吸收投资收到的现金                           27,440,000.00        155,000,000.00
 其中：子公司吸收少数股东
                                     27,440,000.00        155,000,000.00
投资收到的现金
 取得借款收到的现金                        59,672,686,660.00    78,053,784,848.58
 收到其他与筹资活动有关的     78
                                                        1,160,432,406.00
现金
  筹资活动现金流入小计                      59,700,126,660.00    79,369,217,254.58
 偿还债务支付的现金                        52,595,440,393.93    80,388,318,465.26
 分配股利、利润或偿付利息
                                  22,543,880,095.07    20,007,782,816.36
支付的现金
 其中：子公司支付给少数股
                                     224,524,259.43       27,100,257.89
东的股利、利润
 支付其他与筹资活动有关的     78
                                  12,144,735,080.24     7,353,856,997.34
现金
  筹资活动现金流出小计                      87,284,055,569.24   107,749,958,278.96
   筹资活动产生的现金流
                              -27,583,928,909.24      -28,380,741,024.38
量净额
四、汇率变动对现金及现金等
                                     141,690,153.90       -85,945,498.20
价物的影响
五、现金及现金等价物净增加
                                    -622,598,093.10       700,565,807.88
额
 加：期初现金及现金等价物
                                   9,924,779,599.67     9,224,213,791.79
余额
六、期末现金及现金等价物余
                                   9,302,181,506.57     9,924,779,599.67
额

公司负责人：雷鸣山 主管会计工作负责人：詹平原 会计机构负责人：张娜


                 母公司现金流量表
                 2022 年 1—12 月
                                                      单位:元 币种:人民币
      项目         附注                  2022年度              2021年度
一、经营活动产生的现金流量：
 销售商品、提供劳务收到的
                                  24,654,468,037.47    31,193,865,969.72
现金
 收到的税费返还
 收到其他与经营活动有关的
                                     137,307,552.95       208,877,548.33
现金
  经营活动现金流入小计                      24,791,775,590.42    31,402,743,518.05


                       97 / 236
                 2022 年年度报告


 购买商品、接受劳务支付的
                               2,429,363,910.98     3,067,455,979.60
现金
 支付给职工及为职工支付的
                               1,701,636,009.03     1,642,512,828.08
现金
 支付的各项税费                       7,891,710,471.98     7,193,187,138.25
 支付其他与经营活动有关的
                                 686,551,243.93       467,575,677.81
现金
  经营活动现金流出小计                  12,709,261,635.92    12,370,731,623.74
 经营活动产生的现金流量净
                              12,082,513,954.50    19,032,011,894.31
额
二、投资活动产生的现金流量：
 收回投资收到的现金                    89,472,636,002.99    57,504,637,386.36
 取得投资收益收到的现金                   1,477,947,387.98     1,777,346,294.15
 处置固定资产、无形资产和
                                  22,010,866.22        16,979,585.78
其他长期资产收回的现金净额
 处置子公司及其他营业单位
收到的现金净额
 收到其他与投资活动有关的
现金
  投资活动现金流入小计                  90,972,594,257.19    59,298,963,266.29
 购建固定资产、无形资产和
                               1,573,950,413.37       591,518,456.59
其他长期资产支付的现金
 投资支付的现金                      93,176,379,781.97    64,329,707,776.51
 取得子公司及其他营业单位
支付的现金净额
 支付其他与投资活动有关的
现金
  投资活动现金流出小计                  94,750,330,195.34    64,921,226,233.10
   投资活动产生的现金流
                              -3,777,735,938.15    -5,622,262,966.81
量净额
三、筹资活动产生的现金流量：
 吸收投资收到的现金
 取得借款收到的现金                    49,600,000,000.00    55,699,160,000.00
 收到其他与筹资活动有关的
现金
  筹资活动现金流入小计                  49,600,000,000.00    55,699,160,000.00
 偿还债务支付的现金                    38,556,400,000.00    46,811,000,000.00
 分配股利、利润或偿付利息
                              22,007,975,261.44    19,174,579,734.92
支付的现金
 支付其他与筹资活动有关的
                                 122,632,432.46        99,550,883.87
现金
  筹资活动现金流出小计                  60,687,007,693.90    66,085,130,618.79
   筹资活动产生的现金流
                              -11,087,007,693.90   -10,385,970,618.79
量净额
四、汇率变动对现金及现金等
                                      31,935.80          -201,000.70
价物的影响
五、现金及现金等价物净增加
                              -2,782,197,741.75     3,023,577,308.01
额


                   98 / 236
                  2022 年年度报告


 加：期初现金及现金等价物
                               7,002,485,878.73   3,978,908,570.72
余额
六、期末现金及现金等价物余
                               4,220,288,136.98   7,002,485,878.73
额

公司负责人：雷鸣山 主管会计工作负责人：詹平原 会计机构负责人：张娜




                    99 / 236
                                                                                  2022 年年度报告



                                                                         合并所有者权益变动表
                                                                          2022 年 1—12 月
                                                                                                                                                                   单位:元 币种:人民币
                                                                                                       2022 年度

                                                                归属于母公司所有者权益

                          其他权益工                                                                                 一
   项目                       具                                                                                   般                                                少数股东权              所有者权益
                                                          减：                                                                                                       益                  合计
             实收资本                                               其他综合               专项储                          风                       其
                          优   永         资本公积              库存                                    盈余公积                未分配利润                        小计
             (或股本)                其                              收益                 备                           险                       他
                          先   续                            股
                                  他                                                                             准
                          股   债
                                                                                                                备
一、上年年
      22,741,859,230.00               56,915,340,256.97         318,915,804.42              24,319,522,433.93       76,768,181,760.95       181,063,819,486.27   9,224,403,402.43 190,288,222,888.70
末余额
加：会计政
策变更
前期差错更
正
同一控制下
企业合并
   其他
二、本年期
      22,741,859,230.00               56,915,340,256.97         318,915,804.42              24,319,522,433.93       76,768,181,760.95       181,063,819,486.27   9,224,403,402.43 190,288,222,888.70
初余额
三、本期增
减变动金额
（减少以                                    184,080,854.12         1,467,381,437.78                                     2,772,968,838.65         4,424,431,130.55    1,041,455,211.12   5,465,886,341.67
“－”号填
列）
（一）综合
                                                               1,472,754,125.71                                     21,309,033,980.94       22,781,788,106.65    1,234,745,948.57   24,016,534,055.22
收益总额
（二）所有
者投入和减                                                                                                                                                              22,440,000.00       22,440,000.00
少资本




                                                                                    100 / 236
                        2022 年年度报告

1．所有者
投入的普通                                                                           22,440,000.00       22,440,000.00
股
2．其他权
益工具持有
者投入资本
3．股份支
付计入所有
者权益的金
额
4．其他
（三）利润                                                -
                                                          -18,541,437,830.22   -223,212,578.19 -18,764,650,408.41
分配                                    18,541,437,830.22
1．提取盈
余公积
2．提取一
般风险准备
3．对所有
                                                     -
者（或股                                                      -18,541,437,830.22   -223,212,578.19 -18,764,650,408.41
                                      18,541,437,830.22
东）的分配
4．其他
（四）所有
者权益内部   -5,372,687.93                     5,372,687.93
结转
1．资本公
积转增资本
（或股本）
2．盈余公
积转增资本
（或股本）
3．盈余公
积弥补亏损
4．设定受
益计划变动
额结转留存
收益


                          101 / 236
                                                                                        2022 年年度报告

5．其他综
合收益结转                                                                   -5,372,687.93                                              5,372,687.93
留存收益
6．其他
（五）专项
储备
1．本期提
                                                                                        43,999,669.33                                                     43,999,669.33                           43,999,669.33
取
2．本期使                                                                                              -
                                                                                                                                                         -43,999,669.33                          -43,999,669.33
用                                                                                       43,999,669.33
（六）其他                                        184,080,854.12                                                                                              184,080,854.12        7,481,840.74      191,562,694.86
四、本期期
      22,741,859,230.00                  57,099,421,111.09          1,786,297,242.20                    24,319,522,433.93     79,541,150,599.60      185,488,250,616.82 10,265,858,613.55 195,754,109,230.37
末余额



                                                                                                                    2021 年度

                                                                    归属于母公司所有者权益

                                 其他权益工                                                                                  一
   项目                              具                                                         专                          般                                                 少数股东权               所有者权益
                                                                   减：
              实收资本                                                          其他综合             项                          风                       其                           益                  合计
                                 优   永          资本公积               库存                                   盈余公积                未分配利润                        小计
              (或股本)                      其                                   收益              储                          险                       他
                                 先   续                             股
                                         他                                                   备                          准
                                 股   债
                                                                                                                        备
一、上年
             22,741,859,230.00                 56,928,124,174.94            313,556,807.71          24,319,522,433.93       67,815,084,345.02       172,118,146,991.60    6,203,459,484.14    178,321,606,475.74
年末余额
加：会计
                                                                            318,158,690.31                                    157,107,416.85           475,266,107.16         -232,535.20        475,033,571.96
政策变更
  前期
差错更正
  同一
控制下企
业合并
  其他
二、本年
             22,741,859,230.00                 56,928,124,174.94            631,715,498.02          24,319,522,433.93       67,972,191,761.87       172,593,413,098.76    6,203,226,948.94    178,796,640,047.70
期初余额


                                                                                             102 / 236
                                    2022 年年度报告

三、本期
增减变动
金额（减
        -12,783,917.97   -312,799,693.60                8,795,989,999.08     8,470,406,387.51    3,021,176,453.49    11,491,582,841.00
少以
“－”号
填列）
（一）综
合收益总                     -281,012,853.85               26,272,998,503.24    25,991,985,649.39       73,101,531.84    26,065,087,181.23
额
（二）所
有者投入
        -23,176,767.67                                                         -23,176,767.67    2,975,570,832.31     2,952,394,064.64
和减少资
本
1．所有者
投入的普                                                                                             6,575,739,808.37     6,575,739,808.37
通股
2．其他权
益工具持
有者投入
资本
3．股份支
付计入所
有者权益
的金额
4．其他    -23,176,767.67                                                         -23,176,767.67    -3,600,168,976.06   -3,623,345,743.73
（三）利
                                                       -15,919,301,461.00   -15,919,301,461.00     -27,990,962.24    -15,947,292,423.24
润分配
1．提取盈
余公积
2．提取一
般风险准
备
3．对所有
者（或股
                                                       -15,919,301,461.00   -15,919,301,461.00     -27,990,962.24    -15,947,292,423.24
东）的分
配
4．其他


                                           103 / 236
