                   2023 年年度报告


  3．评价管理层选用会计政策的恰当性和作出会计估计及相关披露的合理性。
  4．对管理层使用持续经营假设的恰当性得出结论。同时，根据获取的审计证据，就可能导致
对长江电力持续经营能力产生重大疑虑的事项或情况是否存在重大不确定性得出结论。如果我们得
出结论认为存在重大不确定性，审计准则要求我们在审计报告中提请报告使用者注意财务报表中的
相关披露；如果披露不充分，我们应当发表非无保留意见。我们的结论基于截至审计报告日可获得
的信息。然而，未来的事项或情况可能导致长江电力不能持续经营。
  5．评价财务报表的总体列报、结构和内容，并评价财务报表是否公允反映相关交易和事项。
  6．就长江电力中实体或业务活动的财务信息获取充分、适当的审计证据，以对财务报表发表
意见。我们负责指导、监督和执行集团审计，并对审计意见承担全部责任。
  我们与治理层就计划的审计范围、时间安排和重大审计发现等事项进行沟通，包括沟通我们
在审计中识别出的值得关注的内部控制缺陷。
  我们还就已遵守与独立性相关的职业道德要求向治理层提供声明，并与治理层沟通可能被合
理认为影响我们独立性的所有关系和其他事项，以及相关的防范措施（如适用）。
  从与治理层沟通过的事项中，我们确定哪些事项对本期财务报表审计最为重要，因而构成关
键审计事项。我们在审计报告中描述这些事项，除非法律法规禁止公开披露这些事项，或在极少
数情形下，如果合理预期在审计报告中沟通某事项造成的负面后果超过在公众利益方面产生的益
处，我们确定不应在审计报告中沟通该事项。



    大华会计师事务所(特殊普通合伙)              中国注册会计师：


                                  （项目合伙人）       郝丽江


         中国·北京                    中国注册会计师：


                                                沈彦波


                                  二〇二四年四月二十六日




                       87 / 265
                      2023 年年度报告




二、   财务报表
                     合并资产负债表
                     2023 年 12 月 31 日
编制单位: 中国长江电力股份有限公司
                                                        单位:元 币种:人民币
      项目       附注七           2023 年 12 月 31 日            2022 年 12 月 31 日
流动资产：
 货币资金            1                   7,778,439,308.63     10,638,044,864.92
 结算备付金
 拆出资金
 交易性金融资产
 衍生金融资产                                 21,113,693.72
 应收票据                                                            278,144.44
 应收账款            5                   8,510,343,962.88     15,227,668,604.93
 应收款项融资
 预付款项            8                      77,013,625.36         76,589,245.11
 应收保费
 应收分保账款
 应收分保合同准备金
 其他应收款           9                     301,159,472.92        329,572,999.35
 其中：应收利息
    应收股利                               120,305,200.00        120,305,200.00
 买入返售金融资产
 存货             10                     586,548,003.46        567,385,580.82
 合同资产                                   11,348,594.37
 持有待售资产
 一年内到期的非流动资产
 其他流动资产         13                 408,563,789.48            249,852,773.42
  流动资产合计                        17,694,530,450.82         27,089,392,212.99
非流动资产：
 发放贷款和垫款
 债权投资           14                   1,052,752,691.20      1,034,000,503.90
 其他债权投资
 长期应收款
 长期股权投资         17              71,684,283,644.31         67,166,066,218.63
 其他权益工具投资       18               3,270,244,969.53          3,312,302,551.08
 其他非流动金融资产      19               1,663,300,964.65          1,611,389,626.19
 投资性房地产         20                 103,479,850.76            101,238,293.84
 固定资产           21             444,899,373,807.92        450,480,026,644.17
 在建工程           22               4,759,852,623.02          3,033,854,755.93
 生产性生物资产
 油气资产
 使用权资产          25                 726,256,734.58            655,490,732.10
 无形资产           26              23,781,537,379.40         22,219,407,020.53
 开发支出                              164,029,769.41             88,053,467.73
 商誉             27               1,136,419,113.59          1,081,106,204.00

                          88 / 265
                     2023 年年度报告


 长期待摊费用         28               38,711,665.32            63,085,397.48
 递延所得税资产        29              540,882,285.46           273,574,114.88
 其他非流动资产        30              426,888,959.32           244,581,674.83
  非流动资产合计                   554,248,014,458.47       551,364,177,205.29
   资产总计                     571,942,544,909.29       578,453,569,418.28
流动负债：
 短期借款           32           53,985,432,819.58        26,752,360,688.10
 向中央银行借款
 拆入资金
 交易性金融负债
 衍生金融负债
 应付票据                                40,772,218.98        55,482,159.19
 应付账款           36                1,295,637,007.14       949,955,129.91
 预收款项
 合同负债                                14,932,731.05         8,760,834.09
 卖出回购金融资产款
 吸收存款及同业存放
 代理买卖证券款
 代理承销证券款
 应付职工薪酬         39              367,536,489.54           332,030,853.09
 应交税费           40            2,512,931,010.73         2,027,998,432.91
 其他应付款          41           35,887,456,989.50        31,751,543,386.67
 其中：应付利息
    应付股利                          1,313,100,292.99        33,217,087.18
 应付手续费及佣金
 应付分保账款
 持有待售负债
 一年内到期的非流动负债    43           48,048,632,647.39        26,642,382,136.83
 其他流动负债         44            1,717,762,447.92         3,230,604,702.92
  流动负债合计                    143,871,094,361.83        91,751,118,323.71
非流动负债：
 保险合同准备金
 长期借款           45          186,690,130,706.94       190,246,706,722.40
 应付债券           46           25,835,606,999.89        37,620,231,630.91
 其中：优先股
    永续债
 租赁负债           47                  577,045,537.38       620,996,116.15
 长期应付款
 长期应付职工薪酬
 预计负债                                56,720,903.03        50,640,048.92
 递延收益                                11,623,647.69         8,178,437.54
 递延所得税负债        29                2,601,502,361.81     2,138,289,001.46
 其他非流动负债
  非流动负债合计                   215,772,630,156.74       230,685,041,957.38
   负债合计                     359,643,724,518.57       322,436,160,281.09
所有者权益（或股东权益）：
 实收资本（或股本）      53           24,468,217,716.00        22,741,859,230.00
 其他权益工具
                       89 / 265
                       2023 年年度报告


 其中：优先股
     永续债
 资本公积            55              63,490,865,604.91          96,299,421,111.09
 减：库存股
 其他综合收益          57               2,002,638,310.52           1,786,297,242.20
 专项储备            58                     771,620.16               1,815,518.95
 盈余公积            59              24,967,736,455.15          24,967,736,455.15
 一般风险准备
 未分配利润           60              86,399,795,810.95          81,875,582,795.77
 归属于母公司所有者权益
                                201,330,025,517.69         227,672,712,353.16
（或股东权益）合计
 少数股东权益                          10,968,794,873.03          28,344,696,784.03
  所有者权益（或股东权
                                212,298,820,390.72         256,017,409,137.19
益）合计
   负债和所有者权益（或
                                571,942,544,909.29         578,453,569,418.28
股东权益）总计

公司负责人：马振波       主管会计工作负责人：詹平原                            会计机构负责人：张娜



                    母公司资产负债表
                      2023 年 12 月 31 日
编制单位:中国长江电力股份有限公司
                                                          单位:元 币种:人民币
      项目        附注十九          2023 年 12 月 31 日             2022 年 12 月 31 日
流动资产：
 货币资金                                 1,829,840,233.39       4,220,288,136.98
 交易性金融资产
 衍生金融资产
 应收票据
 应收账款            1                    1,690,958,940.86       1,329,354,981.68
 应收款项融资
 预付款项                                 4,863,269.68              10,411,724.31
 其他应收款           2               30,666,349,580.94          25,300,941,979.37
 其中：应收利息
    应收股利                         30,620,305,200.00          24,764,734,955.29
 存货                                 199,590,695.76             201,514,284.04
 合同资产
 持有待售资产
 一年内到期的非流动资产
 其他流动资产                             147,563,864.45              93,091,713.49
  流动资产合计                         34,539,166,585.08          31,155,602,819.87
非流动资产：
 债权投资
 其他债权投资
 长期应收款
 长期股权投资          3              193,192,500,494.88         123,552,579,867.99
 其他权益工具投资                         2,747,501,596.00           2,848,667,611.91
                           90 / 265
                2023 年年度报告


 其他非流动金融资产                   499,682,430.34       277,112,153.50
 投资性房地产
 固定资产                   80,090,052,265.48      83,898,848,901.09
 在建工程                      462,520,852.69         596,807,446.95
 生产性生物资产
 油气资产
 使用权资产                       550,792,127.44       628,119,534.85
 无形资产                        308,131,732.05       271,569,128.96
 开发支出                        133,090,593.01        81,160,928.60
 商誉
 长期待摊费用                     31,483,814.25          60,225,039.51
 递延所得税资产                   202,534,621.61          61,781,310.15
 其他非流动资产                   142,430,174.13         179,137,636.50
  非流动资产合计              278,360,720,701.88     212,456,009,560.01
    资产总计               312,899,887,286.96     243,611,612,379.88
流动负债：
 短期借款                   49,084,046,989.91      24,176,957,699.99
 交易性金融负债
 衍生金融负债
 应付票据                                               1,482,159.19
 应付账款                         56,771,700.40       123,630,736.09
 预收款项
 合同负债
 应付职工薪酬                      124,844,309.31       117,891,397.60
 应交税费                        641,414,584.50       354,656,687.24
 其他应付款                       823,822,829.72     1,247,878,948.32
 其中：应付利息
     应付股利
 持有待售负债
 一年内到期的非流动负债            25,442,780,165.75       6,905,126,757.29
 其他流动负债                                         3,008,978,955.49
  流动负债合计                76,173,680,579.59      35,936,603,341.21
非流动负债：
 长期借款                   47,912,700,000.00      31,956,400,000.00
 应付债券                   23,977,304,749.89      35,583,163,020.91
 其中：优先股
     永续债
 租赁负债                        519,564,483.55       573,619,182.19
 长期应付款
 长期应付职工薪酬
 预计负债
 递延收益                          4,822,288.70         3,084,932.96
 递延所得税负债                     839,414,646.64       685,742,638.72
 其他非流动负债
  非流动负债合计               73,253,806,168.78      68,802,009,774.78
    负债合计               149,427,486,748.37     104,738,613,115.99
所有者权益（或股东权益）：
 实收资本（或股本）              24,468,217,716.00      22,741,859,230.00
                  91 / 265
                         2023 年年度报告


 其他权益工具
 其中：优先股
     永续债
 资本公积                  73,924,633,386.92    59,682,327,450.43
 减：库存股
 其他综合收益                 1,987,270,125.59     2,103,793,431.09
 专项储备
 盈余公积                  22,934,762,401.97    22,934,762,401.97
 未分配利润                 40,157,516,908.11    31,410,256,750.40
  所有者权益（或股东权
                      163,472,400,538.59   138,872,999,263.89
益）合计
   负债和所有者权益（或
                      312,899,887,286.96   243,611,612,379.88
股东权益）总计
公司负责人：马振波     主管会计工作负责人：詹平原              会计机构负责人：张娜



                          合并利润表
                         2023 年 1—12 月
                                                        单位:元 币种:人民币
        项目                附注七              2023 年度           2022 年度
一、营业总收入                                78,111,573,265.75 68,863,128,424.25
其中：营业收入                    61          78,111,573,265.75 68,863,128,424.25
   利息收入
   已赚保费
   手续费及佣金收入
二、营业总成本                                49,445,205,037.45   42,365,629,059.16
其中：营业成本                    61          32,942,554,525.43   29,524,219,483.64
   利息支出
   手续费及佣金支出
   退保金
   赔付支出净额
   提取保险责任准备金净额
   保单红利支出
   分保费用
   税金及附加                   62           1,601,621,053.93    1,459,994,248.37
   销售费用                    63             192,385,627.70      172,538,067.61
   管理费用                    64           1,363,314,584.28    1,537,855,652.43
   研发费用                    65             788,922,297.30       89,655,150.76
   财务费用                    66          12,556,406,948.81    9,581,366,456.35
   其中：利息费用                             12,738,346,150.84    9,801,292,339.97
       利息收入                               239,117,604.62      204,183,022.42
 加：其他收益                    67               5,195,377.86        3,170,850.88
   投资收益（损失以“－”号
                           68           4,750,167,222.45    4,600,135,961.66
填列）
   其中：对联营企业和合营企
                                        4,231,318,849.65    3,534,235,036.26
业的投资收益
      以摊余成本计量的金
融资产终止确认收益

                            92 / 265
                     2023 年年度报告


     汇兑收益（损失以“－”号
填列）
     净敞口套期收益（损失以
“-”号填列）
     公允价值变动收益（损失以
                      70            -162,878,350.58     -385,326,649.11
“－”号填列）
     信用减值损失（损失以“-”
                      71              -2,410,743.13       -6,953,114.41
号填列）
     资产减值损失（损失以“-”
                      72             -42,490,035.23     -268,376,214.19
号填列）
     资产处置收益（损失以“－”
                      73               6,336,590.98      -52,126,114.24
号填列）
三、营业利润（亏损以“－”号填
                                  33,220,288,290.65   30,388,024,085.68
列）
 加：营业外收入              74              80,847,429.60        2,783,624.47
 减：营业外支出              75             888,155,810.78      624,749,050.11
四、利润总额（亏损总额以“－”
                                  32,412,979,909.47   29,766,058,660.04
号填列）
 减：所得税费用              76           4,456,574,981.37    4,664,143,516.41
五、净利润（净亏损以“－”号填
                                  27,956,404,928.10   25,101,915,143.63
列）
（一）按经营持续性分类
   1.持续经营净利润（净亏损以
                                  27,956,404,928.10   25,101,915,143.63
“－”号填列）
   2.终止经营净利润（净亏损以
“－”号填列）
（二）按所有权归属分类
   1.归属于母公司股东的净利润
                                  27,238,970,860.70   23,725,915,960.71
（净亏损以“-”号填列）
   2.少数股东损益（净亏损以
                                     717,434,067.40    1,375,999,182.92
“-”号填列）
六、其他综合收益的税后净额                        396,121,248.09    2,367,236,548.79
 （一）归属母公司所有者的其他
                                     217,054,060.95    1,472,754,125.71
综合收益的税后净额
   1．不能重分类进损益的其他综
                                    -105,287,201.66     -186,316,080.67
合收益
 （1）重新计量设定受益计划变动
额
 （2）权益法下不能转损益的其他
                                     -73,218,504.78      -41,835,215.80
综合收益
 （3）其他权益工具投资公允价值
                                     -32,068,696.88     -144,480,864.87
变动
 （4）企业自身信用风险公允价值
变动
   2．将重分类进损益的其他综合
                                     322,341,262.61    1,659,070,206.38
收益
 （1）权益法下可转损益的其他综
                                       9,010,438.14      104,028,510.66
合收益
 （2）其他债权投资公允价值变动

                       93 / 265
                    2023 年年度报告


 （3）金融资产重分类计入其他综
合收益的金额
 （4）其他债权投资信用减值准备
 （5）现金流量套期储备                         -15,129,922.82
 （6）外币财务报表折算差额                       328,460,747.29    1,555,041,695.72
 （7）其他
 （二）归属于少数股东的其他综
                                     179,067,187.14      894,482,423.08
合收益的税后净额
七、综合收益总额                          28,352,526,176.19   27,469,151,692.42
 （一）归属于母公司所有者的综
                                  27,456,024,921.65   25,198,670,086.42
合收益总额
 （二）归属于少数股东的综合收
                                     896,501,254.54    2,270,481,606.00
益总额
八、每股收益：
 （一）基本每股收益(元/股)                              1.1132              0.9697
 （二）稀释每股收益(元/股)                              1.1132              0.9697

本期发生同一控制下企业合并的，被合并方在合并前实现的净利润为：0.00元, 上期被合并方实
现的净利润为： 3,452,452,191.42 元。
公司负责人：马振波           主管会计工作负责人：詹平原 会计机构负责人：张娜


                    母公司利润表
                    2023 年 1—12 月
                                                   单位:元 币种:人民币
       项目           附注十九              2023 年度           2022 年度
一、营业收入                4           21,473,570,778.74 21,428,471,903.12
 减：营业成本               4            7,656,807,606.45  8,665,057,879.50
    税金及附加                            423,964,111.67    366,769,380.24
    销售费用                              37,909,318.08     45,380,997.48
    管理费用                             678,250,892.02    667,068,278.90
    研发费用                             449,188,551.19     81,268,744.45
    财务费用                           5,358,073,713.06  3,394,717,400.16
    其中：利息费用                        5,399,109,912.74  3,446,846,821.85
        利息收入                          66,390,868.00     77,995,274.77
 加：其他收益                                3,705,868.54      2,315,770.21
    投资收益（损失以“－”号
                       5          23,995,849,141.85   24,052,842,562.79
填列）
    其中：对联营企业和合营企
                                   3,642,355,737.85    3,080,789,762.34
业的投资收益
       以摊余成本计量的金
融资产终止确认收益
    净敞口套期收益（损失以
“-”号填列）
    公允价值变动收益（损失以
                                                         -15,791,300.30
“－”号填列）
    信用减值损失（损失以“-”
                                       1,110,852.01         -220,305.14
号填列）
    资产减值损失（损失以“-”
                                     -19,243,346.07     -250,094,682.60
号填列）
                       94 / 265
                      2023 年年度报告


     资产处置收益（损失以“－”
                                          771,989.16        5,592,369.05
号填列）
二、营业利润（亏损以“－”号填列）                  30,851,571,091.76   32,002,853,636.40
 加：营业外收入                                  758,269.37           31,845.94
 减：营业外支出                              328,398,901.95      344,102,368.14
三、利润总额（亏损总额以“－”号
                                   30,523,930,459.18   31,658,783,114.20
填列）
   减：所得税费用                          1,685,103,028.93    2,148,553,518.57
四、净利润（净亏损以“－”号填列）                  28,838,827,430.25   29,510,229,595.63
  （一）持续经营净利润（净亏损
                                   28,838,827,430.25   29,510,229,595.63
以“－”号填列）
  （二）终止经营净利润（净亏损
以“－”号填列）
五、其他综合收益的税后净额                        -115,810,312.87       20,657,211.48
 （一）不能重分类进损益的其他
                                     -152,236,407.04      -54,624,288.57
综合收益
   1.重新计量设定受益计划变动
额
   2.权益法下不能转损益的其他
                                      -76,361,895.11      -30,938,244.97
综合收益
   3.其他权益工具投资公允价值
                                      -75,874,511.93      -23,686,043.60
变动
   4.企业自身信用风险公允价值
变动
 （二）将重分类进损益的其他综
                                       36,426,094.17       75,281,500.05
合收益
   1.权益法下可转损益的其他综
                                       36,426,094.17       75,281,500.05
合收益
   2.其他债权投资公允价值变动
   3.金融资产重分类计入其他综
合收益的金额
   4.其他债权投资信用减值准备
   5.现金流量套期储备
   6.外币财务报表折算差额
   7.其他
六、综合收益总额                           28,723,017,117.38   29,530,886,807.11
七、每股收益：
   （一）基本每股收益(元/股)
   （二）稀释每股收益(元/股)

公司负责人：马振波      主管会计工作负责人：詹平原                     会计机构负责人：张娜




                     合并现金流量表
                     2023 年 1—12 月
                                                 单位：元      币种：人民币
      项目             附注七             2023年度               2022年度
一、经营活动产生的现金流量：

                        95 / 265
                 2023 年年度报告


 销售商品、提供劳务收到的现
                                 96,235,638,511.89   71,280,788,590.49
金
 客户存款和同业存放款项净
增加额
 向中央银行借款净增加额
 向其他金融机构拆入资金净
增加额
 收到原保险合同保费取得的
现金
 收到再保业务现金净额
 保户储金及投资款净增加额
 收取利息、手续费及佣金的现
金
 拆入资金净增加额
 回购业务资金净增加额
 代理买卖证券收到的现金净
额
 收到的税费返还                              4,285,513.80    2,946,593,976.34
 收到其他与经营活动有关的
                 78                586,942,968.83        531,760,078.03
现金
   经营活动现金流入小计                    96,826,866,994.52   74,759,142,644.86
 购买商品、接受劳务支付的现
                                 12,512,870,985.71   10,214,938,090.63
金
 客户贷款及垫款净增加额
 存放中央银行和同业款项净
增加额
 支付原保险合同赔付款项的
现金
 拆出资金净增加额
 支付利息、手续费及佣金的现
金
 支付保单红利的现金
 支付给职工及为职工支付的
                                  3,346,294,697.71    3,138,575,662.67
现金
 支付的各项税费                         14,759,789,231.64   16,790,687,263.22
 支付其他与经营活动有关的
                 78               1,489,191,637.71    1,138,439,490.20
现金
   经营活动现金流出小计                    32,108,146,552.77   31,282,640,506.72
    经营活动产生的现金流
                                 64,718,720,441.75   43,476,502,138.14
量净额
二、投资活动产生的现金流量：
 收回投资收到的现金                       74,103,029,742.51   114,400,141,415.41
 取得投资收益收到的现金                      2,150,467,314.51     1,740,104,203.83
 处置固定资产、无形资产和其
                                      6,964,001.35       37,035,446.81
他长期资产收回的现金净额
 处置子公司及其他营业单位
                                      2,268,630.00
收到的现金净额
 收到其他与投资活动有关的
                 78                   5,592,027.34       34,202,605.40
现金

                      96 / 265
                  2023 年年度报告


   投资活动现金流入小计                      76,268,321,715.71    116,211,483,671.45
 购建固定资产、无形资产和其
                                   12,232,564,467.80    12,469,721,762.97
他长期资产支付的现金
 投资支付的现金                           76,239,748,510.66    115,432,281,989.81
 质押贷款净增加额
 取得子公司及其他营业单位
                                      601,993,748.44
支付的现金净额
 支付其他与投资活动有关的
                  78                                        11,295,775.87
现金
   投资活动现金流出小计                      89,074,306,726.90    127,913,299,528.65
    投资活动产生的现金流
                                  -12,805,985,011.19    -11,701,815,857.20
量净额
三、筹资活动产生的现金流量：
 吸收投资收到的现金                         16,445,456,960.43     8,027,440,000.00
 其中：子公司吸收少数股东投
                                      395,372,000.00     2,427,440,000.00
资收到的现金
 取得借款收到的现金                        152,980,239,996.01    90,631,526,690.29
 收到其他与筹资活动有关的
                  78                   96,720,000.00
现金
   筹资活动现金流入小计                     169,522,416,956.44    98,658,966,690.29
 偿还债务支付的现金                        123,435,602,437.41    83,436,440,393.93
 分配股利、利润或偿付利息支
                                   35,672,380,743.88    34,646,322,332.41
付的现金
 其中：子公司支付给少数股东
                                    1,114,815,709.39     1,724,524,259.43
的股利、利润
 支付其他与筹资活动有关的
                  78               65,216,717,718.08    12,144,735,080.24
现金
   筹资活动现金流出小计                     224,324,700,899.37    130,227,497,806.58
    筹资活动产生的现金流
                                  -54,802,283,942.93    -31,568,531,116.29
量净额
四、汇率变动对现金及现金等价
                                       27,542,956.08        141,690,153.90
物的影响
五、现金及现金等价物净增加额                     -2,862,005,556.29        347,845,318.55
 加：期初现金及现金等价物余
                                   10,628,364,964.92    10,280,519,646.37
额
六、期末现金及现金等价物余额                      7,766,359,408.63    10,628,364,964.92

公司负责人：马振波    主管会计工作负责人：詹平原                        会计机构负责人：张娜


                 母公司现金流量表
                 2023 年 1—12 月
                                                       单位:元 币种:人民币
      项目         附注十九                 2023年度               2022年度
一、经营活动产生的现金流量：
 销售商品、提供劳务收到的现
                                   24,243,922,177.00    24,654,468,037.47
金
 收到的税费返还
 收到其他与经营活动有关的
                                      265,625,423.97        137,307,552.95
现金
                       97 / 265
                 2023 年年度报告


   经营活动现金流入小计                  24,509,547,600.97   24,791,775,590.42
 购买商品、接受劳务支付的现
                                2,614,684,345.17    2,429,363,910.98
金
 支付给职工及为职工支付的
                                1,323,045,849.78    1,701,636,009.03
现金
 支付的各项税费                        4,381,480,154.03    7,891,710,471.98
 支付其他与经营活动有关的
                                  823,309,105.07       686,551,243.93
现金
   经营活动现金流出小计                   9,142,519,454.05   12,709,261,635.92
 经营活动产生的现金流量净
                               15,367,028,146.92   12,082,513,954.50
额
二、投资活动产生的现金流量：
 收回投资收到的现金                     66,595,633,757.27   89,472,636,002.99
 取得投资收益收到的现金                   15,980,967,979.04    1,477,947,387.98
 处置固定资产、无形资产和其
                                      572,481.22       22,010,866.22
他长期资产收回的现金净额
 处置子公司及其他营业单位
收到的现金净额
 收到其他与投资活动有关的
现金
   投资活动现金流入小计                  82,577,174,217.53   90,972,594,257.19
 购建固定资产、无形资产和其
                                1,128,289,431.15    1,573,950,413.37
他长期资产支付的现金
 投资支付的现金                      134,463,471,144.49   93,176,379,781.97
 取得子公司及其他营业单位
支付的现金净额
 支付其他与投资活动有关的
现金
   投资活动现金流出小计                 135,591,760,575.64   94,750,330,195.34
    投资活动产生的现金流
                              -53,014,586,358.11   -3,777,735,938.15
量净额
三、筹资活动产生的现金流量：
 吸收投资收到的现金                     16,050,084,960.43
 取得借款收到的现金                    112,530,000,000.00   49,600,000,000.00
 收到其他与筹资活动有关的
现金
   筹资活动现金流入小计                 128,580,084,960.43   49,600,000,000.00
 偿还债务支付的现金                     67,672,700,000.00   38,556,400,000.00
 分配股利、利润或偿付利息支
                               25,528,957,125.84   22,007,975,261.44
付的现金
 支付其他与筹资活动有关的
                                  121,254,756.62       122,632,432.46
现金
   筹资活动现金流出小计                  93,322,911,882.46   60,687,007,693.90
    筹资活动产生的现金流
                               35,257,173,077.97   -11,087,007,693.90
量净额
四、汇率变动对现金及现金等价
                                      -62,770.37           31,935.80
物的影响
五、现金及现金等价物净增加额                 -2,390,447,903.59   -2,782,197,741.75
 加：期初现金及现金等价物余                  4,220,288,136.98    7,002,485,878.73

                   98 / 265
                 2023 年年度报告


额
六、期末现金及现金等价物余额                1,829,840,233.39   4,220,288,136.98

公司负责人：马振波    主管会计工作负责人：詹平原                  会计机构负责人：张娜




                   99 / 265
                                                                                           2023 年年度报告


                                                                                         合并所有者权益变动表
                                                                                          2023 年 1—12 月
                                                                                                                                                                                     单位:元              币种:人民币
                                                                                                           2023 年度


                                                                                 归属于母公司所有者权益


                                其他权益工具                                                                                           一
     项目                                                           减                                                              般
                                                                                                                                                                                    少数股东权益              所有者权益合计
                                优                                 ：                                                              风                       其
            实收资本(或股本)               永续   其      资本公积                  其他综合收益               专项储备                 盈余公积                    未分配利润                      小计
                                先                                 库                                                              险                       他
                                    债    他                        存                                                              准
                                股
                                                                  股                                                              备
一、上年年末
            22,741,859,230.00                96,299,421,111.09        1,786,297,242.20      1,815,518.95     24,967,736,455.15       81,875,582,795.77       227,672,712,353.16   28,344,696,784.03    256,017,409,137.19
余额
加：会计政策
变更
     前期差错
更正
     同一控制
下企业合并
     其他
二、本年期初
            22,741,859,230.00                96,299,421,111.09        1,786,297,242.20      1,815,518.95     24,967,736,455.15       81,875,582,795.77       227,672,712,353.16   28,344,696,784.03    256,017,409,137.19
余额
三、本期增减
变动金额（减
            1,726,358,486.00                 -32,808,555,506.18         216,341,068.32     -1,043,898.79                              4,524,213,015.18       -26,342,686,835.47   -17,375,901,911.00   -43,718,588,746.47
少以“－”号
填列）
（一）综合收
                                                                        217,054,060.95                                               27,238,970,860.70       27,456,024,921.65       896,501,254.54    28,352,526,176.19
益总额
（二）所有者
投入和减少资      1,726,358,486.00                 -32,889,894,026.32                                                                                              -31,163,535,540.32   -16,775,928,018.49   -47,939,463,558.81
本
1．所有者投入
            1,726,358,486.00                 30,422,633,955.19                                                                                               32,148,992,441.19       395,372,000.00    32,544,364,441.19
的普通股




                                                                                                100 / 265
                                             2023 年年度报告

2．其他权益工
具持有者投入
资本
3．股份支付计
入所有者权益
的金额
4．其他      -63,312,527,981.51                                                      -63,312,527,981.51   -17,171,300,018.49   -80,483,828,000.00
（三）利润分                                                        -22,715,468,413.0
                                                                                  -22,715,468,413.08   -1,496,564,020.30    -24,212,032,433.38
配                                                                             8
1．提取盈余公
积
2．提取一般风
险准备
3．对所有者
                                                              -22,715,468,413.0
（或股东）的                                                                            -22,715,468,413.08   -1,496,564,020.30    -24,212,032,433.38
                                                                              8
分配
4．其他
（四）所有者
                               -712,992.63                           712,992.63
权益内部结转
1．资本公积转
增资本（或股
本）
2．盈余公积转
增资本（或股
本）
3．盈余公积弥
补亏损
4．设定受益计
划变动额结转
留存收益
5．其他综合收
益结转留存收                         -712,992.63                           712,992.63
益
6．其他
（五）专项储
                                             -1,043,898.79                            -1,043,898.79             13,560.52        -1,030,338.27
备



                                                  101 / 265
                                                                                              2023 年年度报告

1．本期提取                                                                                       324,227,708.82                                                       324,227,708.82           760,181.29       324,987,890.11
2．本期使用                                                                                      -325,271,607.61                                                      -325,271,607.61          -746,620.77      -326,018,228.38
（六）其他                                             81,338,520.14                                                                                 -2,425.07          81,336,095.07            75,312.73        81,411,407.80
四、本期期末
           24,468,217,716.00                  63,490,865,604.91       2,002,638,310.52           771,620.16      24,967,736,455.15      86,399,795,810.95     201,330,025,517.69    10,968,794,873.03   212,298,820,390.72
余额




                                                                                                          2022 年度

                                                                              归属于母公司所有者权益

                                                                                                                               一
                               其他权益工具
 项目                                                                                                                            般
                                                                                                                                                                                    少数股东权益              所有者权益合计
                                                               减：库                                                             风                         其
         实收资本 (或股本)            优   永          资本公积                   其他综合收益              专项储备                 盈余公积                     未分配利润                      小计
                                       其                       存股                                                              险                         他
                               先   续
                                       他                                                                                       准
                               股   债
                                                                                                                               备
一、上年
年末余      22,741,859,230.00                 56,915,340,256.97           318,915,804.42                     24,319,522,433.93          76,768,181,760.95       181,063,819,486.27     9,224,403,402.43    190,288,222,888.70
额
加：会计
政策变
更
前期差
错更正
同一控
制下企                                        33,600,000,000.00                                                  406,542,367.83         3,659,221,869.79        37,665,764,237.62     16,142,324,433.50     53,808,088,671.12
业合并
其他
二、本年
期初余      22,741,859,230.00                 90,515,340,256.97           318,915,804.42                     24,726,064,801.76          80,427,403,630.74       218,729,583,723.89    25,366,727,835.93    244,096,311,559.82
额
三、本期
增减变
                                            5,784,080,854.12         1,467,381,437.78    1,815,518.95         241,671,653.39         1,448,179,165.03          8,943,128,629.27     2,977,968,948.10     11,921,097,577.37
动金额
（减少




                                                                                                   102 / 265
                                             2023 年年度报告

以
“－”
号填列）
（一）综
合收益                       1,472,754,125.71                             23,725,915,960.71    25,198,670,086.42     2,270,481,606.00    27,469,151,692.42
总额
（二）所
有者投
       5,600,000,000.00                                                                       5,600,000,000.00    2,422,440,000.00     8,022,440,000.00
入和减
少资本
1．所有
者投入
       5,600,000,000.00                                                                       5,600,000,000.00    2,422,440,000.00     8,022,440,000.00
的普通
股
2．其他
权益工
具持有
者投入
资本
3．股份
支付计
入所有
者权益
的金额
4．其他
（三）利
                                                      241,671,653.39   -22,283,109,483.61   -22,041,437,830.22   -1,723,212,578.19   -23,764,650,408.41
润分配
1．提取
盈余公                                                   241,671,653.39     -241,671,653.39
积
2．提取
一般风
险准备
3．对所
有者（或                                                                   -22,041,437,830.22   -22,041,437,830.22   -1,723,212,578.19   -23,764,650,408.41
股东）的




                                               103 / 265
