             中国长江电力股份有限公司2024 年年度报告


  4．对管理层使用持续经营假设的恰当性得出结论。同时，根据获取的审计证据，就可能导致
对长江电力持续经营能力产生重大疑虑的事项或情况是否存在重大不确定性得出结论。如果我们得
出结论认为存在重大不确定性，审计准则要求我们在审计报告中提请报告使用者注意财务报表中的
相关披露；如果披露不充分，我们应当发表非无保留意见。我们的结论基于截至审计报告日可获得
的信息。然而，未来的事项或情况可能导致长江电力不能持续经营。
  5．评价财务报表的总体列报、结构和内容，并评价财务报表是否公允反映相关交易和事项。
  6．就长江电力中实体或业务活动的财务信息获取充分、适当的审计证据，以对财务报表发表
意见。我们负责指导、监督和执行集团审计，并对审计意见承担全部责任。
  我们与治理层就计划的审计范围、时间安排和重大审计发现等事项进行沟通，包括沟通我们
在审计中识别出的值得关注的内部控制缺陷。
  我们还就已遵守与独立性相关的职业道德要求向治理层提供声明，并与治理层沟通可能被合
理认为影响我们独立性的所有关系和其他事项，以及相关的防范措施（如适用）。
  从与治理层沟通过的事项中，我们确定哪些事项对本期财务报表审计最为重要，因而构成关
键审计事项。我们在审计报告中描述这些事项，除非法律法规禁止公开披露这些事项，或在极少
数情形下，如果合理预期在审计报告中沟通某事项造成的负面后果超过在公众利益方面产生的益
处，我们确定不应在审计报告中沟通该事项。



    大华会计师事务所(特殊普通合伙)              中国注册会计师：


                                  （项目合伙人）       郝丽江


         中国·北京                    中国注册会计师：


                                                杨倩


                                  二〇二五年四月二十八日




                       87 / 262
                中国长江电力股份有限公司2024 年年度报告



二、财务报表

                         合并资产负债表
                 2024 年 12 月 31 日
编制单位：中国长江电力股份有限公司
                                                         单位：元 币种：人民币
         项目             附注七          2024 年 12 月 31 日      2023 年 12 月 31 日
流动资产：
 货币资金               1                      6,555,341,578.63     7,823,650,159.50
 结算备付金
 拆出资金
 交易性金融资产
 衍生金融资产                                                            21,113,693.72
 应收票据
 应收账款               5                      9,326,624,055.45     8,514,603,738.09
 应收款项融资
 预付款项               8                         87,364,481.20        77,585,806.42
 应收保费
 应收分保账款
 应收分保合同准备金
 其他应收款              9                        322,992,759.32       301,516,161.78
 其中：应收利息
    应收股利                                     155,409,691.30       120,305,200.00
 买入返售金融资产
 存货                 10                       641,979,948.58       586,548,003.46
 合同资产                                                              11,348,594.37
 持有待售资产
 一年内到期的非流动资产
 其他流动资产             13                       255,680,295.50       408,862,261.95
  流动资产合计                                  17,189,983,118.68    17,745,228,419.29
非流动资产：
 发放贷款和垫款
 债权投资               14                     1,016,091,728.01     1,052,752,691.20
 其他债权投资
 长期应收款
 长期股权投资             17                    73,319,357,743.59    71,684,283,644.31
 其他权益工具投资           18                     3,914,542,906.75     3,270,244,969.53
 其他非流动金融资产          19                     1,899,908,777.49     1,663,300,964.65
 投资性房地产             20                       106,387,511.00       103,479,850.76
 固定资产               21                   430,424,887,744.43   445,513,230,976.26
 在建工程               22                     9,062,705,409.20     5,000,934,415.86
 生产性生物资产
 油气资产
 使用权资产              25                       753,774,250.36       741,097,320.24
 无形资产               26                    25,458,642,148.54    23,781,566,726.52
 开发支出                                        219,232,717.65       164,029,769.41
 商誉                 27                     1,152,786,257.22     1,136,419,113.59
 长期待摊费用             28                        39,916,772.80        38,711,665.32
                              88 / 262
            中国长江电力股份有限公司2024 年年度报告


 递延所得税资产        29                  654,531,498.58       540,880,668.73
 其他非流动资产        30                  859,231,208.04       502,708,347.41
  非流动资产合计                       548,881,996,673.66   555,193,641,123.79
   资产总计                         566,071,979,792.34   572,938,869,543.08
流动负债：
 短期借款           32               69,692,431,511.49    53,985,432,819.58
 向中央银行借款
 拆入资金
 交易性金融负债
 衍生金融负债
 应付票据                                                     40,772,218.98
 应付账款           36                1,611,453,394.01     1,475,194,444.86
 预收款项
 合同负债           38                  265,512,523.56        14,932,731.05
 卖出回购金融资产款
 吸收存款及同业存放
 代理买卖证券款
 代理承销证券款
 应付职工薪酬         39                  405,790,885.85       368,059,210.44
 应交税费           40                2,856,643,401.97     2,513,791,384.50
 其他应付款          41               35,455,619,984.96    36,104,426,467.36
 其中：应付利息
    应付股利                          6,459,050,825.67     1,313,100,292.99
 应付手续费及佣金
 应付分保账款
 持有待售负债
 一年内到期的非流动负债    43               46,858,529,705.19    48,070,386,122.18
 其他流动负债         44                2,410,005,393.88     1,720,110,926.31
  流动负债合计                        159,555,986,800.91   144,293,106,325.26
非流动负债：
 保险合同准备金
 长期借款           45              158,588,389,980.42   187,007,685,859.59
 应付债券           46               21,740,804,827.43    25,835,606,999.89
 其中：优先股
    永续债
 租赁负债           47                  582,748,581.41       592,017,629.31
 长期应付款
 长期应付职工薪酬
 预计负债           50                  136,004,704.75        56,720,903.03
 递延收益                                20,182,962.73        11,623,647.69
 递延所得税负债        29                3,491,968,220.93     2,601,502,361.81
 其他非流动负债
  非流动负债合计                       184,560,099,277.67   216,105,157,401.32
   负债合计                         344,116,086,078.58   360,398,263,726.58
所有者权益（或股东权益）：
 实收资本（或股本）      53               24,468,217,716.00    24,468,217,716.00
 其他权益工具
 其中：优先股
                     89 / 262
                  中国长江电力股份有限公司2024 年年度报告


    永续债
 资本公积           55      63,717,681,344.83  63,608,165,604.91
 减：库存股
 其他综合收益         57       3,240,228,916.50   2,002,638,310.52
 专项储备           58          82,402,978.14       1,138,609.33
 盈余公积           59      24,968,300,565.59  24,968,300,565.59
 一般风险准备
 未分配利润          60      93,811,579,374.91  86,404,877,655.08
 归属于母公司所有者权益（或股
                       210,288,410,895.97 201,453,338,461.43
东权益）合计
 少数股东权益                 11,667,482,817.79  11,087,267,355.07
  所有者权益（或股东权益）合
                       221,955,893,713.76 212,540,605,816.50
计
   负债和所有者权益（或股东
                       566,071,979,792.34 572,938,869,543.08
权益）总计
公司负责人：刘伟平    主管会计工作负责人：张传红               会计机构负责人：张娜



                          母公司资产负债表
                 2024 年 12 月 31 日
编制单位：中国长江电力股份有限公司
                                                       单位：元 币种：人民币
         项目            附注十九        2024 年 12 月 31 日      2023 年 12 月 31 日
流动资产：
 货币资金                                  2,417,867,174.39      1,829,840,233.39
 交易性金融资产
 衍生金融资产
 应收票据
 应收账款                 1                1,446,845,403.70      1,690,958,940.86
 应收款项融资
 预付款项                                      36,388,619.59         4,863,269.68
 其他应收款                2                34,385,486,645.69    30,666,349,580.94
 其中：应收利息
    应收股利                               34,352,549,413.39    30,620,305,200.00
 存货                                       226,220,282.75       199,590,695.76
 合同资产
 持有待售资产
 一年内到期的非流动资产
 其他流动资产                                       168,454.30       147,563,864.45
  流动资产合计                               38,512,976,580.42    34,539,166,585.08
非流动资产：
 债权投资
 其他债权投资
 长期应收款
 长期股权投资               3            194,667,804,986.06      193,192,500,494.88
 其他权益工具投资                            3,906,990,506.75        2,747,501,596.00
 其他非流动金融资产                             544,034,947.50          499,682,430.34
 投资性房地产
                            90 / 262
            中国长江电力股份有限公司2024 年年度报告


 固定资产                           76,149,051,735.80    80,090,052,265.48
 在建工程                            2,525,529,363.06       462,520,852.69
 生产性生物资产
 油气资产
 使用权资产                            513,846,142.17        550,792,127.44
 无形资产                             412,981,634.27        308,131,732.05
 开发支出                             152,123,051.93        133,090,593.01
 商誉
 长期待摊费用                          35,958,342.67           31,483,814.25
 递延所得税资产                        211,176,392.92          202,534,621.61
 其他非流动资产                        153,886,182.38          142,430,174.13
  非流动资产合计                   279,273,383,285.51      278,360,720,701.88
    资产总计                    317,786,359,865.93      312,899,887,286.96
流动负债：
 短期借款                           57,320,337,138.90    49,084,046,989.91
 交易性金融负债
 衍生金融负债
 应付票据
 应付账款                               51,895,351.40        56,771,700.40
 预收款项
 合同负债
 应付职工薪酬                           136,615,416.88        124,844,309.31
 应交税费                             740,499,856.11        641,414,584.50
 其他应付款                          5,908,660,945.09        823,822,829.72
 其中：应付利息
     应付股利                       5,138,325,720.36
 持有待售负债
 一年内到期的非流动负债                    17,219,626,845.62    25,442,780,165.75
 其他流动负债                          2,003,282,739.73
  流动负债合计                        83,380,918,293.73    76,173,680,579.59
非流动负债：
 长期借款                           45,659,900,000.00    47,912,700,000.00
 应付债券                           18,484,984,881.47    23,977,304,749.89
 其中：优先股
     永续债
 租赁负债                             475,952,308.49        519,564,483.55
 长期应付款
 长期应付职工薪酬
 预计负债
 递延收益                              13,648,490.47          4,822,288.70
 递延所得税负债                        1,173,465,651.05        839,414,646.64
 其他非流动负债
  非流动负债合计                    65,807,951,331.48       73,253,806,168.78
    负债合计                    149,188,869,625.21      149,427,486,748.37
所有者权益（或股东权益）：
 实收资本（或股本）                      24,468,217,716.00    24,468,217,716.00
 其他权益工具
 其中：优先股
                     91 / 262
                  中国长江电力股份有限公司2024 年年度报告


    永续债
 资本公积                   74,174,169,744.67    73,924,633,386.92
 减：库存股
 其他综合收益                  2,705,969,949.45     1,987,270,125.59
 专项储备                       26,135,681.57
 盈余公积                   22,934,762,401.97    22,934,762,401.97
 未分配利润                  44,288,234,747.06    40,157,516,908.11
  所有者权益（或股东权益）合
                       168,597,490,240.72   163,472,400,538.59
计
   负债和所有者权益（或股东
                       317,786,359,865.93   312,899,887,286.96
权益）总计
公司负责人：刘伟平      主管会计工作负责人：张传红              会计机构负责人：张娜



                             合并利润表
                            2024 年 1—12 月
                                                         单位：元      币种：人民币
        项目              附注七                 2024 年度               2023 年度
一、营业总收入                                   84,491,870,566.52   78,143,535,736.10
其中：营业收入                61                 84,491,870,566.52   78,143,535,736.10
   利息收入
   已赚保费
   手续费及佣金收入
二、营业总成本                                   50,268,818,794.54   49,466,106,518.79
其中：营业成本                61                 34,528,346,186.67   32,958,283,915.47
   利息支出
   手续费及佣金支出
   退保金
   赔付支出净额
   提取保险责任准备金净额
   保单红利支出
   分保费用
   税金及附加               62                  1,968,013,144.28    1,601,667,584.45
   销售费用                63                    188,142,529.94      192,385,627.70
   管理费用                64                  1,562,254,125.03    1,364,469,297.27
   研发费用                65                    890,719,278.34      788,922,297.30
   财务费用                66                 11,131,343,530.28   12,560,377,796.60
   其中：利息费用                                11,327,295,992.21   12,742,363,848.41
       利息收入                                  204,614,382.09      239,165,069.40
 加：其他收益                67                      6,617,497.40        5,195,377.86
   投资收益（损失以“－”号
                       68                  5,257,616,386.94    4,750,167,222.45
填列）
   其中：对联营企业和合营企
                                           4,356,080,236.09    4,231,318,849.65
业的投资收益
      以摊余成本计量的金
融资产终止确认收益
   汇兑收益（损失以“－”号
填列）

                               92 / 262
               中国长江电力股份有限公司2024 年年度报告


     净敞口套期收益（损失以
“-”号填列）
     公允价值变动收益（损失以
                   70                211,841,059.71      -162,878,350.58
“－”号填列）
     信用减值损失（损失以“-”
                   71                -32,451,428.30        -2,404,276.23
号填列）
     资产减值损失（损失以“-”
                   72                -14,329,997.43       -42,490,035.23
号填列）
     资产处置收益（损失以“－”
                   73                  -6,982,274.21        6,336,590.98
号填列）
三、营业利润（亏损以“－”号填
                                   39,645,363,016.09   33,231,355,746.56
列）
 加：营业外收入           74                  5,151,455.36        80,847,429.60
 减：营业外支出           75                788,136,771.81       888,155,810.78
四、利润总额（亏损总额以“－”
                                   38,862,377,699.64   32,424,047,365.38
号填列）
 减：所得税费用           76               5,932,178,304.45    4,456,576,598.10
五、净利润（净亏损以“－”号填
                                   32,930,199,395.19   27,967,470,767.28
列）
（一）按经营持续性分类
   1.持续经营净利润（净亏损以
                                   32,930,199,395.19   27,967,470,767.28
“－”号填列）
   2.终止经营净利润（净亏损以
“－”号填列）
（二）按所有权归属分类
   1.归属于母公司股东的净利润
                                   32,496,172,808.65   27,244,616,815.27
（净亏损以“-”号填列）
   2.少数股东损益（净亏损以
                                     434,026,586.54       722,853,952.01
“-”号填列）
六、其他综合收益的税后净额                       1,417,651,184.86      396,121,248.09
 （一）归属母公司所有者的其他
                                    1,293,957,172.12      217,054,060.95
综合收益的税后净额
   1．不能重分类进损益的其他综
                                     877,617,002.57      -105,287,201.66
合收益
 （1）重新计量设定受益计划变动
额
 （2）权益法下不能转损益的其他
                                     -63,661,420.60       -73,218,504.78
综合收益
 （3）其他权益工具投资公允价值
                                     941,278,423.17       -32,068,696.88
变动
 （4）企业自身信用风险公允价值
变动
   2．将重分类进损益的其他综合
                                     416,340,169.55       322,341,262.61
收益
 （1）权益法下可转损益的其他综
                                     154,245,107.53         9,010,438.14
合收益
 （2）其他债权投资公允价值变动
 （3）金融资产重分类计入其他综
合收益的金额

                        93 / 262
               中国长江电力股份有限公司2024 年年度报告


 （4）其他债权投资信用减值准备
 （5）现金流量套期储备                           15,129,922.82       -15,129,922.82
 （6）外币财务报表折算差额                        246,965,139.20       328,460,747.29
 （7）其他
 （二）归属于少数股东的其他综
                                      123,694,012.74       179,067,187.14
合收益的税后净额
七、综合收益总额                            34,347,850,580.05   28,363,592,015.37
 （一）归属于母公司所有者的综
                                    33,790,129,980.77   27,461,670,876.22
合收益总额
 （二）归属于少数股东的综合收
                                      557,720,599.28       901,921,139.15
益总额
八、每股收益：
 （一）基本每股收益(元/股)                                1.3281              1.1135
 （二）稀释每股收益(元/股)                                1.3281              1.1135

本期发生同一控制下企业合并的，被合并方在合并前实现的净利润为：3,564,213.41 元, 上期被
合并方实现的净利润为： 11,060,989.01 元。
公司负责人：刘伟平      主管会计工作负责人：张传红    会计机构负责人：张娜

                       母公司利润表
                      2024 年 1—12 月
                                                   单位：元 币种：人民币
       项目          附注十九               2024 年度             2023 年度
一、营业收入             4                21,912,231,845.74 21,473,570,778.74
 减：营业成本            4                 7,920,446,244.15  7,656,807,606.45
    税金及附加                              418,328,538.62    423,964,111.67
    销售费用                                34,191,203.09     37,909,318.08
    管理费用                               731,959,200.93    678,250,892.02
    研发费用                               507,506,424.78    449,188,551.19
    财务费用                             5,002,090,311.06  5,358,073,713.06
    其中：利息费用                          5,033,038,757.97  5,399,109,912.74
        利息收入                            44,117,343.28     66,390,868.00
 加：其他收益                                  4,642,769.37      3,705,868.54
    投资收益（损失以“－”号
                  5                 24,286,200,809.09   23,995,849,141.85
填列）
    其中：对联营企业和合营企
                                     3,435,349,932.33    3,642,355,737.85
业的投资收益
       以摊余成本计量的金
融资产终止确认收益
    净敞口套期收益（损失以
“-”号填列）
    公允价值变动收益（损失以
                                        25,802,517.16
“－”号填列）
    信用减值损失（损失以“-”
                                        -1,394,908.94        1,110,852.01
号填列）
    资产减值损失（损失以“-”
                                        -4,115,993.22     -19,243,346.07
号填列）
    资产处置收益（损失以“－”
                                        -5,639,545.48          771,989.16
号填列）
                         94 / 262
              中国长江电力股份有限公司2024 年年度报告


二、营业利润（亏损以“－”号填
                                  31,603,205,571.09   30,851,571,091.76
列）
 加：营业外收入                                304,862.05          758,269.37
 减：营业外支出                            183,904,873.41      328,398,901.95
三、利润总额（亏损总额以“－”
                                  31,419,605,559.73   30,523,930,459.18
号填列）
   减：所得税费用                         2,280,590,429.64    1,685,103,028.93
四、净利润（净亏损以“－”号填
                                  29,139,015,130.09   28,838,827,430.25
列）
  （一）持续经营净利润（净亏损
                                  29,139,015,130.09   28,838,827,430.25
以“－”号填列）
  （二）终止经营净利润（净亏损
以“－”号填列）
五、其他综合收益的税后净额                       912,666,780.20     -115,810,312.87
 （一）不能重分类进损益的其他
                                    806,190,576.23     -152,236,407.04
综合收益
   1.重新计量设定受益计划变动
额
   2.权益法下不能转损益的其他
                                    -63,426,106.83      -76,361,895.11
综合收益
   3.其他权益工具投资公允价值
                                    869,616,683.06      -75,874,511.93
变动
   4.企业自身信用风险公允价值
变动
 （二）将重分类进损益的其他综
                                    106,476,203.97        36,426,094.17
合收益
   1.权益法下可转损益的其他综
                                    106,476,203.97        36,426,094.17
合收益
   2.其他债权投资公允价值变动
   3.金融资产重分类计入其他综
合收益的金额
   4.其他债权投资信用减值准备
   5.现金流量套期储备
   6.外币财务报表折算差额
   7.其他
六、综合收益总额                          30,051,681,910.29   28,723,017,117.38
七、每股收益：
   （一）基本每股收益(元/股)
   （二）稀释每股收益(元/股)

公司负责人：刘伟平        主管会计工作负责人：张传红                    会计机构负责人：张娜




                    合并现金流量表
                    2024 年 1—12 月
                                                 单位：元      币种：人民币
       项目           附注七             2024年度               2023年度
一、经营活动产生的现金流量：

                       95 / 262
            中国长江电力股份有限公司2024 年年度报告


 销售商品、提供劳务收到的现金                    94,910,070,204.68   96,267,868,544.11
 客户存款和同业存放款项净增加额
 向中央银行借款净增加额
 向其他金融机构拆入资金净增加额
 收到原保险合同保费取得的现金
 收到再保业务现金净额
 保户储金及投资款净增加额
 收取利息、手续费及佣金的现金
 拆入资金净增加额
 回购业务资金净增加额
 代理买卖证券收到的现金净额
 收到的税费返还                                5,496,922.70        4,285,513.80
 收到其他与经营活动有关的现金    78                 584,335,658.49      586,990,399.65
  经营活动现金流入小计                       95,499,902,785.87   96,859,144,457.56
 购买商品、接受劳务支付的现金                    13,309,731,883.77   12,513,307,046.78
 客户贷款及垫款净增加额
 存放中央银行和同业款项净增加额
 支付原保险合同赔付款项的现金
 拆出资金净增加额
 支付利息、手续费及佣金的现金
 支付保单红利的现金
 支付给职工及为职工支付的现金                     3,561,463,812.22    3,347,001,685.68
 支付的各项税费                           17,521,925,470.26   14,759,828,566.58
 支付其他与经营活动有关的现金    78               1,458,313,335.40    1,489,558,869.86
  经营活动现金流出小计                       35,851,434,501.65   32,109,696,168.90
   经营活动产生的现金流量净额                   59,648,468,284.22   64,749,448,288.66
二、投资活动产生的现金流量：
 收回投资收到的现金                         51,304,202,111.84   74,103,029,742.51
 取得投资收益收到的现金                        2,548,040,281.44    2,150,467,314.51
 处置固定资产、无形资产和其他长                        9,541,006.99        6,964,001.35
期资产收回的现金净额
 处置子公司及其他营业单位收到的                        6,980,137.96        2,268,630.00
现金净额
 收到其他与投资活动有关的现金    78                                       5,592,027.34
  投资活动现金流入小计                       53,868,763,538.23   76,268,321,715.71
 购建固定资产、无形资产和其他长
                                   14,420,079,512.74   12,417,112,224.11
期资产支付的现金
 投资支付的现金                           49,122,067,036.48   76,239,748,510.66
 质押贷款净增加额
 取得子公司及其他营业单位支付的                    1,101,820,343.21       601,993,748.44
现金净额
 支付其他与投资活动有关的现金
  投资活动现金流出小计                    64,643,966,892.43       89,258,854,483.21
   投资活动产生的现金流量净额               -10,775,203,354.20      -12,990,532,767.50
三、筹资活动产生的现金流量：
 吸收投资收到的现金                            146,860,000.00   16,495,456,960.43
 其中：子公司吸收少数股东投资收
                                      146,860,000.00       419,872,000.00
到的现金
 取得借款收到的现金                     128,962,078,655.79      153,335,092,218.76
                        96 / 262
             中国长江电力股份有限公司2024 年年度报告


 收到其他与筹资活动有关的现金     78            1,493,940,000.00            96,720,000.00
   筹资活动现金流入小计                   130,602,878,655.79       169,927,269,179.19
 偿还债务支付的现金                      144,184,043,996.25       123,635,147,482.54
 分配股利、利润或偿付利息支付的
                                    31,633,479,332.54     35,678,935,583.57
现金
 其中：子公司支付给少数股东的股
                                       125,455,490.82      1,114,815,709.39
利、利润
 支付其他与筹资活动有关的现金     78            4,979,106,125.14        65,216,717,718.08
   筹资活动现金流出小计                   180,796,629,453.93       224,530,800,784.19
    筹资活动产生的现金流量净额               -50,193,750,798.14       -54,603,531,605.00
四、汇率变动对现金及现金等价物的
                                        17,079,752.54         27,542,956.08
影响
五、现金及现金等价物净增加额                      -1,303,406,115.58     -2,817,073,127.76
 加：期初现金及现金等价物余额                      7,811,570,259.50     10,628,643,387.26
六、期末现金及现金等价物余额                       6,508,164,143.92      7,811,570,259.50

公司负责人：刘伟平       主管会计工作负责人：张传红                           会计机构负责人：张娜


                    母公司现金流量表
                    2024 年 1—12 月
                                                    单位：元      币种：人民币
       项目            附注                2024年度                2023年度
一、经营活动产生的现金流量：
 销售商品、提供劳务收到的现金                     24,784,271,765.02     24,243,922,177.00
 收到的税费返还
 收到其他与经营活动有关的现金                        161,770,602.69        265,625,423.97
  经营活动现金流入小计                        24,946,042,367.71     24,509,547,600.97
 购买商品、接受劳务支付的现金                      2,620,922,600.48      2,614,684,345.17
 支付给职工及为职工支付的现金                      1,373,540,271.92      1,323,045,849.78
 支付的各项税费                             5,205,198,076.88      4,381,480,154.03
 支付其他与经营活动有关的现金                        792,480,816.74        823,309,105.07
  经营活动现金流出小计                         9,992,141,766.02      9,142,519,454.05
 经营活动产生的现金流量净额                      14,953,900,601.69     15,367,028,146.92
二、投资活动产生的现金流量：
 收回投资收到的现金                          50,156,091,275.51     66,595,633,757.27
 取得投资收益收到的现金                        18,247,137,002.44     15,980,967,979.04
 处置固定资产、无形资产和其他长
                                            10,884.59            572,481.22
期资产收回的现金净额
 处置子公司及其他营业单位收到
的现金净额
 收到其他与投资活动有关的现金
  投资活动现金流入小计                        68,403,239,162.54     82,577,174,217.53
 购建固定资产、无形资产和其他长
                                     2,931,180,848.19      1,128,289,431.15
期资产支付的现金
 投资支付的现金                            48,900,277,765.52    134,463,471,144.49
 取得子公司及其他营业单位支付
的现金净额
 支付其他与投资活动有关的现金

                         97 / 262
             中国长江电力股份有限公司2024 年年度报告


  投资活动现金流出小计                      51,831,458,613.71    135,591,760,575.64
   投资活动产生的现金流量净
                                  16,571,780,548.83    -53,014,586,358.11
额
三、筹资活动产生的现金流量：
 吸收投资收到的现金                                              16,050,084,960.43
 取得借款收到的现金                        89,309,253,424.66    112,530,000,000.00
 收到其他与筹资活动有关的现金
   筹资活动现金流入小计                     89,309,253,424.66    128,580,084,960.43
 偿还债务支付的现金                        94,937,400,000.00     67,672,700,000.00
 分配股利、利润或偿付利息支付的
                                  25,206,227,496.67     25,528,957,125.84
现金
 支付其他与筹资活动有关的现金                      103,272,625.76        121,254,756.62
   筹资活动现金流出小计                    120,246,900,122.43     93,322,911,882.46
    筹资活动产生的现金流量净
                                 -30,937,646,697.77     35,257,173,077.97
额
四、汇率变动对现金及现金等价物
                                          -7,511.75            -62,770.37
的影响
五、现金及现金等价物净增加额                       588,026,941.00     -2,390,447,903.59
 加：期初现金及现金等价物余额                    1,829,840,233.39      4,220,288,136.98
六、期末现金及现金等价物余额                     2,417,867,174.39      1,829,840,233.39

公司负责人：刘伟平     主管会计工作负责人：张传红                           会计机构负责人：张娜




                      98 / 262
                                                                       中国长江电力股份有限公司2024 年年度报告


                                                                                   合并所有者权益变动表
                                                                                    2024 年 1—12 月
                                                                                                                                                                             单位：元                币种：人民币
                                                                                                                     2024 年度

                                                                               归属于母公司所有者权益


                               其他权益工具                                                                                      一
  项目                                                                                                                       般                                                   少数股东权益               所有者权益合计
                                                               减：
                               优   永                                                                                       风                        其
           实收资本(或股本)                           资本公积            库存     其他综合收益            专项储备               盈余公积                    未分配利润                      小计
                                       其                                                                                                            他
                               先   续                                                                                       险
                                       他                       股
                               股   债                                                                                       准
                                                                                                                           备
一、上年年末余
           24,468,217,716.00               63,608,165,604.91        2,002,638,310.52   1,138,609.33    24,968,300,565.59       86,404,877,655.08        201,453,338,461.43   11,087,267,355.07    212,540,605,816.50
额
加：会计政策变
更
   前期差错更
正
   同一控制下
企业合并
   其他
二、本年期初余
           24,468,217,716.00               63,608,165,604.91        2,002,638,310.52   1,138,609.33    24,968,300,565.59       86,404,877,655.08        201,453,338,461.43   11,087,267,355.07    212,540,605,816.50
额
三、本期增减变
动金额（减少以                                       109,515,739.92        1,237,590,605.98   81,264,368.81                             7,406,701,719.83         8,835,072,434.54      580,215,462.72      9,415,287,897.26
“－”号填列）
（一）综合收益
                                                                    1,293,957,172.12                                           32,496,172,808.65        33,790,129,980.77       557,720,599.28    34,347,850,580.05
总额
（二）所有者投
                                             -117,467,283.71                                                                                              -117,467,283.71       147,027,283.71         29,560,000.00
入和减少资本
1．所有者投入的
                                                                                                                                                                                146,860,000.00        146,860,000.00
普通股
2．其他权益工具
持有者投入资本
3．股份支付计入
所有者权益的金
额
4．其他                                         -117,467,283.71                                                                                               -117,467,283.71         167,283.71        -117,300,000.00
（三）利润分配                                                                                                                        -25,202,264,247.48       -25,202,264,247.48    -126,307,625.20     -25,328,571,872.68
1．提取盈余公积
2．提取一般风险
准备
3．对所有者（或                                                                                                                       -25,202,264,247.48       -25,202,264,247.48    -126,307,625.20     -25,328,571,872.68




                                                                                             99 / 262
                                                                            中国长江电力股份有限公司2024 年年度报告

股东）的分配
4．其他
（四）所有者权
                                                                           -56,366,566.14                                                   56,366,566.14
益内部结转
1．资本公积转增
资本（或股本）
2．盈余公积转增
资本（或股本）
3．盈余公积弥补
亏损
4．设定受益计划
变动额结转留存
收益
5．其他综合收益
                                                                           -56,366,566.14                                                   56,366,566.14
结转留存收益
6．其他
（五）专项储备                                                                                       81,264,368.81                                                           81,264,368.81           821,718.60        82,086,087.41
1．本期提取                                                                                       301,489,639.56                                                          301,489,639.56         1,665,074.29       303,154,713.85
2．本期使用                                                                                      -220,225,270.75                                                         -220,225,270.75          -843,355.69      -221,068,626.44
（六）其他                                             226,983,023.63                                                                            56,426,592.52            283,409,616.15           953,486.33       284,363,102.48
四、本期期末余
             24,468,217,716.00                 63,717,681,344.83         3,240,228,916.50     82,402,978.14    24,968,300,565.59        93,811,579,374.91        210,288,410,895.97    11,667,482,817.79   221,955,893,713.76
额




                                                                                                                            2023 年度

                                                                                  归属于母公司所有者权益


                                                                                                                                   一
                                 其他权益工具
  项目                                                                                                                               般
                                                                   减：                                                                                                                    少数股东权益              所有者权益合计
                                                                                                                                   风                        其
           实收资本 (或股本)            优   永            资本公积             库存     其他综合收益              专项储备                盈余公积                    未分配利润                       小计
                                         其                                                                                                                  他
                                 先   续                                                                                             险
                                         他                         股
                                 股   债                                                                                             准
                                                                                                                                   备
一、上年年末
           22,741,859,230.00                 96,299,421,111.09          1,786,297,242.20     1,815,518.95     24,967,736,455.15        81,875,582,795.77        227,672,712,353.16    28,344,696,784.03    256,017,409,137.19
余额
加：会计政策
变更
   前期差错
更正
   同一控制
                                                 91,800,000.00                                                                                                      91,800,000.00          88,200,000.00       180,000,000.00
下企业合并
   其他
二、本年期初
           22,741,859,230.00                 96,391,221,111.09          1,786,297,242.20     1,815,518.95     24,967,736,455.15        81,875,582,795.77        227,764,512,353.16    28,432,896,784.03    256,197,409,137.19
余额
三、本期增减     1,726,358,486.00                  -32,783,055,506.18           216,341,068.32      -676,909.62            564,110.44         4,529,294,859.31        -26,311,173,891.73    -17,345,629,428.96   -43,656,803,320.69




                                                                                                   100 / 262
                                                       中国长江电力股份有限公司2024 年年度报告

变动金额（减
少以“－”号
填列）
（一）综合收
                                                     217,054,060.95                                         27,244,616,815.27    27,461,670,876.22        901,921,139.15   28,363,592,015.37
益总额
（二）所有者
投入和减少资    1,726,358,486.00    -32,864,394,026.32                                                                                 -31,138,035,540.32   -16,751,428,018.49   -47,889,463,558.81
本
1．所有者投入
          1,726,358,486.00    30,422,633,955.19                                                                                  32,148,992,441.19        395,372,000.00   32,544,364,441.19
的普通股
2．其他权益工
具持有者投入
资本
3．股份支付计
入所有者权益
的金额
4．其他                          -63,287,027,981.51                                                                                 -63,287,027,981.51   -17,146,800,018.49   -80,433,828,000.00
（三）利润分
                                                                                               564,110.44   -22,716,032,523.52   -22,715,468,413.08   -1,496,564,020.30    -24,212,032,433.38
配
1．提取盈余公
                                                                                               564,110.44         -564,110.44
积
2．提取一般风
险准备
3．对所有者
（或股东）的                                                                                                      -22,715,468,413.08   -22,715,468,413.08   -1,496,564,020.30    -24,212,032,433.38
分配
4．其他
（四）所有者
                                                        -712,992.63                                                 712,992.63
权益内部结转
1．资本公积转
增资本（或股
本）
2．盈余公积转
增资本（或股
本）
3．盈余公积弥
补亏损
4．设定受益计
划变动额结转
留存收益
5．其他综合收
益结转留存收                                                  -712,992.63                                                 712,992.63
益
6．其他
（五）专项储
                                                                         -676,909.62                                                   -676,909.62            366,157.95         -310,751.67
备
1．本期提取                                                                 324,594,697.99                                                324,594,697.99        1,112,778.72        325,707,476.71
2．本期使用                                                                -325,271,607.61                                               -325,271,607.61         -746,620.77       -326,018,228.38
（六）其他                             81,338,520.14                                                                     -2,425.07         81,336,095.07           75,312.73         81,411,407.80
四、本期期末    24,468,217,716.00   63,608,165,604.91    2,002,638,310.52      1,138,609.33   24,968,300,565.59   86,404,877,655.08    201,453,338,461.43   11,087,267,355.07    212,540,605,816.50




                                                                              101 / 262
                                                    中国长江电力股份有限公司2024 年年度报告

余额
公司负责人：刘伟平                                                主管会计工作负责人：张传红                                                               会计机构负责人：张娜


                                                            母公司所有者权益变动表
                                                              2024 年 1—12 月
                                                                                                                                     单位：元         币种：人民币
                                                                                   2024 年度
                                   其他权益工
                                     具                           减
     项目                                                          ：
               实收资本 (或股本)                        资本公积                 其他综合收益             专项储备               盈余公积               未分配利润             所有者权益合计
                                   优 永   其                       库
                                   先 续   他                       存
                                   股 债                           股
一、上年年末余额       24,468,217,716.00             73,924,633,386.92       1,987,270,125.59                   22,934,762,401.97   40,157,516,908.11   163,472,400,538.59
加：会计政策变更
  前期差错更正
  其他
二、本年期初余额       24,468,217,716.00             73,924,633,386.92       1,987,270,125.59                   22,934,762,401.97   40,157,516,908.11   163,472,400,538.59
三、本期增减变动金额（减
                                                249,536,357.75        718,699,823.86    26,135,681.57                       4,130,717,838.95     5,125,089,702.13
少以“－”号填列）
（一）综合收益总额                                                             912,666,780.20                                        29,139,015,130.09   30,051,681,910.29
（二）所有者投入和减少资
本
1．所有者投入的普通股
2．其他权益工具持有者投
入资本
3．股份支付计入所有者权
益的金额
4．其他
（三）利润分配                                                                                                                     -25,202,264,247.4
                                                                                                                                                -25,202,264,247.48
                                                                                                                                            8
1．提取盈余公积
2．对所有者（或股东）的                                                                                                                -25,202,264,247.4
                                                                                                                                                -25,202,264,247.48
分配                                                                                                                                          8
3．其他
（四）所有者权益内部结转                                                         -193,966,956.34                                           193,966,956.34
1．资本公积转增资本（或
股本）
2．盈余公积转增资本（或
股本）




                                                                     102 / 262
                                                      中国长江电力股份有限公司2024 年年度报告

3．盈余公积弥补亏损
4．设定受益计划变动额结
转留存收益
5．其他综合收益结转留存
                                                                        -193,966,956.34                                           193,966,956.34
收益
6．其他
（五）专项储备                                                                                    26,135,681.57                                                26,135,681.57
1．本期提取                                                                                     95,413,644.37                                                95,413,644.37
2．本期使用                                                                                    -69,277,962.80                                               -69,277,962.80
（六）其他                                             249,536,357.75                                                                                       249,536,357.75
四、本期期末余额       24,468,217,716.00               74,174,169,744.67       2,705,969,949.45   26,135,681.57    22,934,762,401.97   44,288,234,747.06   168,597,490,240.72




                                                                                    2023 年度
                                   其他权益工
                                     具                             减
     项目                                                            ：
               实收资本 (或股本)                          资本公积                 其他综合收益              专项储备               盈余公积               未分配利润             所有者权益合计
                                   优   永   其                       库
                                   先   续   他                       存
                                   股   债                           股
一、上年年末余额       22,741,859,230.00               59,682,327,450.43       2,103,793,431.09                    22,934,762,401.97   31,410,256,750.40   138,872,999,263.89
加：会计政策变更
  前期差错更正
  其他
二、本年期初余额       22,741,859,230.00               59,682,327,450.43       2,103,793,431.09                    22,934,762,401.97   31,410,256,750.40   138,872,999,263.89
三、本期增减变动金额（减
               1,726,358,486.00                14,242,305,936.49       -116,523,305.50                                         8,747,260,157.71    24,599,401,274.70
少以“－”号填列）
（一）综合收益总额                                                              -115,810,312.87                                         28,838,827,430.25   28,723,017,117.38
（二）所有者投入和减少资
               1,726,358,486.00                14,150,321,026.52                                                                                   15,876,679,512.52
本
1．所有者投入的普通股    1,726,358,486.00                30,422,633,955.19                                                                                   32,148,992,441.19
2．其他权益工具持有者投
入资本
3．股份支付计入所有者权
益的金额
4．其他                                           -16,272,312,928.6
                                                                                                                                                   -16,272,312,928.67
                                                               7
（三）利润分配                                                                                                                        -20,092,277,840.1
                                                                                                                                                   -20,092,277,840.10
                                                                                                                                               0
1．提取盈余公积
2．对所有者（或股东）的                                                                                                                   -20,092,277,840.1
                                                                                                                                                   -20,092,277,840.10
分配                                                                                                                                             0



                                                                       103 / 262
