               中国长江电力股份有限公司2025 年年度报告



 （2） 了解与审计相关的内部控制，以设计恰当的审计程序，但目的并非对内部控制的
有效性发表意见。

 （3） 评价管理层选用会计政策的恰当性和作出会计估计及相关披露的合理性。

 （4） 对管理层使用持续经营假设的恰当性得出结论。同时，根据获取的审计证据，就
可能导致对长江电力持续经营能力产生重大疑虑的事项或情况是否存在重大不确定性得出结
论。如果我们得出结论认为存在重大不确定性，审计准则要求我们在审计报告中提请报表使
用者注意财务报表中的相关披露；如果披露不充分，我们应当发表非无保留意见。我们的结
论基于截至审计报告日可获得的信息。然而，未来的事项或情况可能导致长江电力不能持续
经营。

 （5） 评价财务报表的总体列报、结构和内容，并评价财务报表是否公允反映相关交易
和事项。

 （6） 就长江电力中实体或业务活动的财务信息获取充分、适当的审计证据，以对财务
报表发表审计意见。我们负责指导、监督和执行集团审计，并对审计意见承担全部责任。

 我们与治理层就计划的审计范围、时间安排和重大审计发现等事项进行沟通，包括沟通
我们在审计中识别出的值得关注的内部控制缺陷。

 我们还就已遵守与独立性相关的职业道德要求向治理层提供声明，并与治理层沟通可能
被合理认为影响我们独立性的所有关系和其他事项，以及相关的防范措施（如适用）。

 从与治理层沟通过的事项中，我们确定哪些事项对本期财务报表审计最为重要，因而构
成关键审计事项。我们在审计报告中描述这些事项，除非法律法规禁止公开披露这些事项，
或在极少数情形下，如果合理预期在审计报告中沟通某事项造成的负面后果超过在公众利益
方面产生的益处，我们确定不应在审计报告中沟通该事项。
信永中和会计师事务所（特殊普通合伙）                 中国注册会计师：胡松林

                                   （项目合伙人）




                                   中国注册会计师：闫欢




       中国 北京                       二○二六年四月二十八日




                        79 / 259
                中国长江电力股份有限公司2025 年年度报告


二、财务报表

                         合并资产负债表
                 2025 年 12 月 31 日
编制单位：中国长江电力股份有限公司
                                                         单位：元 币种：人民币
      项目           附注         2025 年 12 月 31 日             2024 年 12 月 31 日
流动资产：
 货币资金              七、1                4,585,856,068.06        6,572,724,404.32
 结算备付金
 拆出资金
 交易性金融资产
 衍生金融资产
 应收票据
 应收账款              七、5                7,251,847,539.23        9,326,624,055.45
 应收款项融资
 预付款项              七、8                 193,198,601.50            87,429,651.53
 应收保费
 应收分保账款
 应收分保合同准备金
 其他应收款             七、9                 344,774,687.24           323,000,402.26
 其中：应收利息
    应收股利                               143,077,397.37           155,409,691.30
 买入返售金融资产
 存货                七、10                836,598,890.26           641,979,948.58
 其中：数据资源
 合同资产
 持有待售资产
 一年内到期的非流动资产
 其他流动资产            七、13             576,004,883.36              255,680,295.50
  流动资产合计                         13,788,280,669.65           17,207,438,757.64
非流动资产：
 发放贷款和垫款
 债权投资              七、14               1,139,012,015.88        1,016,091,728.01
 其他债权投资
 长期应收款
 长期股权投资            七、17          74,936,308,441.59           73,319,357,743.59
 其他权益工具投资          七、18           4,524,103,815.98            3,914,542,906.75
 其他非流动金融资产         七、19           3,288,159,400.78            1,881,358,777.49
 投资性房地产            七、20             106,220,376.66              106,387,511.00
 固定资产              七、21         416,574,010,969.38          430,425,982,346.78
 在建工程              七、22          15,905,615,342.72            9,553,619,488.46
 生产性生物资产
 油气资产
 使用权资产             七、25             679,149,247.01              754,491,789.92
 无形资产              七、26          25,025,360,456.32           25,458,642,148.54
 其中：数据资源
 开发支出                                  141,121,499.27           219,232,717.65
                           80 / 259
            中国长江电力股份有限公司2025 年年度报告


 其中：数据资源
 商誉             七、27          1,116,546,264.67         1,152,786,257.22
 长期待摊费用         七、28             69,722,592.11            39,916,772.80
 递延所得税资产        七、29            726,865,576.70           654,531,498.58
 其他非流动资产        七、30          1,187,863,378.12           880,748,529.38
  非流动资产合计                   545,420,059,377.19       549,377,690,216.17
    资产总计                    559,208,340,046.84       566,585,128,973.81
流动负债：
 短期借款           七、32         15,181,107,941.81        69,692,431,511.49
 向中央银行借款
 拆入资金
 交易性金融负债
 衍生金融负债
 应付票据
 应付账款           七、36              1,468,707,269.07     1,619,502,414.93
 预收款项
 合同负债           七、38               181,189,318.46        265,512,523.56
 卖出回购金融资产款
 吸收存款及同业存放
 代理买卖证券款
 代理承销证券款
 应付职工薪酬         七、39            497,291,436.06           407,158,329.14
 应交税费           七、40          2,721,847,865.25         2,858,123,326.41
 其他应付款          七、41         25,918,236,332.75        35,600,954,740.64
 其中：应付利息
     应付股利                         5,210,727,780.39     6,459,050,825.67
 应付手续费及佣金
 应付分保账款
 持有待售负债
 一年内到期的非流动负债    七、43         70,204,456,814.10        46,859,731,663.49
 其他流动负债         七、44          2,766,855,488.65         2,410,005,393.88
  流动负债合计                    118,939,692,466.15       159,713,419,903.54
非流动负债：
 保险合同准备金
 长期借款           七、45        172,310,624,303.31       158,815,759,451.94
 应付债券           七、46         29,780,996,027.99        21,740,804,827.43
 其中：优先股
     永续债
 租赁负债           七、47               508,976,801.84        582,895,188.73
 长期应付款
 长期应付职工薪酬
 预计负债           七、50                125,826,015.28       136,004,704.75
 递延收益                                22,835,319.02        20,182,962.73
 递延所得税负债        七、29              4,158,727,795.60     3,491,968,220.93
 其他非流动负债
  非流动负债合计                   206,907,986,263.04       184,787,615,356.51
    负债合计                    325,847,678,729.19       344,501,035,260.05
所有者权益（或股东权益）：
                       81 / 259
                  中国长江电力股份有限公司2025 年年度报告


 股本              七、53    24,468,217,716.00   24,468,217,716.00
 其他权益工具
 其中：优先股
     永续债
 资本公积            七、55    63,548,783,235.01   63,778,181,344.83
 减：库存股
 其他综合收益          七、57     3,441,457,834.64    3,240,228,916.50
 专项储备            七、58        73,450,059.39       82,402,978.14
 盈余公积            七、59    24,968,300,565.59   24,968,300,565.59
 一般风险准备
 未分配利润           七、60   104,837,801,229.29   93,811,579,374.91
 归属于母公司股东权益合
                        221,338,010,639.92  210,348,910,895.97
计
 少数股东权益                  12,022,650,677.73   11,735,182,817.79
  股东权益合计                233,360,661,317.65  222,084,093,713.76
    负债和股东权益总计           559,208,340,046.84  566,585,128,973.81
公司负责人：刘伟平     主管会计工作负责人：张传红             会计机构负责人：张娜



                         母公司资产负债表
                 2025 年 12 月 31 日
编制单位：中国长江电力股份有限公司
                                                          单位：元 币种：人民币
        项目            附注       2025 年 12 月 31 日             2024 年 12 月 31 日
流动资产：
 货币资金                                   833,553,521.56         2,417,867,174.39
 交易性金融资产
 衍生金融资产
 应收票据
 应收账款                十九、1              1,562,511,924.48        1,446,845,403.70
 应收款项融资
 预付款项                                 98,609,909.49               36,388,619.59
 其他应收款               十九、2         39,944,160,181.54           34,385,486,645.69
 其中：应收利息
    应收股利                          39,915,351,499.55           34,352,549,413.39
 存货                                  303,497,464.20              226,220,282.75
 其中：数据资源
 合同资产
 持有待售资产
 一年内到期的非流动资产
 其他流动资产                               85,818,800.17                  168,454.30
  流动资产合计                          42,828,151,801.44           38,512,976,580.42
非流动资产：
 债权投资
 其他债权投资
 长期应收款
 长期股权投资              十九、3        196,657,203,566.32          194,667,804,986.06

                            82 / 259
               中国长江电力股份有限公司2025 年年度报告


 其他权益工具投资                          4,520,393,215.98     3,906,990,506.75
 其他非流动金融资产                         2,058,932,423.79       544,034,947.50
 投资性房地产
 固定资产                         72,606,273,220.50        76,149,051,735.80
 在建工程                          6,677,967,520.13         2,525,529,363.06
 生产性生物资产
 油气资产
 使用权资产                              435,130,966.11        513,846,142.17
 无形资产                               433,184,562.28        412,981,634.27
 其中：数据资源
 开发支出                               110,410,499.85        152,123,051.93
 其中：数据资源
 商誉
 长期待摊费用                           42,491,037.07            35,958,342.67
 递延所得税资产                         218,026,761.74           211,176,392.92
 其他非流动资产                         156,231,391.70           153,886,182.38
  非流动资产合计                    283,916,245,165.47       279,273,383,285.51
    资产总计                     326,744,396,966.91       317,786,359,865.93
流动负债：
 短期借款                         14,196,250,363.86        57,320,337,138.90
 交易性金融负债
 衍生金融负债
 应付票据
 应付账款                               122,152,192.37         51,895,351.40
 预收款项
 合同负债
 应付职工薪酬                              150,637,847.56       136,615,416.88
 应交税费                                537,324,190.49       740,499,856.11
 其他应付款                             5,816,904,132.30     5,908,660,945.09
 其中：应付利息
     应付股利                          5,138,325,720.36     5,138,325,720.36
 持有待售负债
 一年内到期的非流动负债                  40,080,056,230.11        17,219,626,845.62
 其他流动负债                        2,517,670,547.95         2,003,282,739.73
  流动负债合计                      63,420,995,504.64        83,380,918,293.73
非流动负债：
 长期借款                         59,836,840,000.00        45,659,900,000.00
 应付债券                         23,975,641,422.04        18,484,984,881.47
 其中：优先股
     永续债
 租赁负债                               404,076,977.49        475,952,308.49
 长期应付款
 长期应付职工薪酬
 预计负债
 递延收益                                 18,995,758.52        13,648,490.47
 递延所得税负债                           1,742,007,298.07     1,173,465,651.05
 其他非流动负债
  非流动负债合计                     85,977,561,456.12        65,807,951,331.48
                        83 / 259
                  中国长江电力股份有限公司2025 年年度报告


    负债合计               149,398,556,960.76  149,188,869,625.21
所有者权益（或股东权益）：
 股本                     24,468,217,716.00   24,468,217,716.00
 其他权益工具
 其中：优先股
     永续债
 资本公积                   73,804,530,699.39   74,174,169,744.67
 减：库存股
 其他综合收益                  3,027,730,094.12    2,705,969,949.45
 专项储备                                           26,135,681.57
 盈余公积                   22,934,762,401.97   22,934,762,401.97
 未分配利润                  53,110,599,094.67   44,288,234,747.06
  股东权益合计               177,345,840,006.15  168,597,490,240.72
    负债和股东权益总计          326,744,396,966.91  317,786,359,865.93
公司负责人：刘伟平     主管会计工作负责人：张传红             会计机构负责人：张娜



                          合并利润表
                         2025 年 1—12 月
编制单位：中国长江电力股份有限公司
                                                        单位：元 币种：人民币
           项目              附注             2025 年度            2024 年度
一、营业总收入                                86,241,940,222.20   84,491,870,566.52
其中：营业收入            七、61                86,241,940,222.20   84,491,870,566.52
   利息收入
   已赚保费
   手续费及佣金收入
二、营业总成本                                48,766,372,374.15    50,268,818,794.54
其中：营业成本            七、61                33,057,840,034.77    34,528,346,186.67
   利息支出
   手续费及佣金支出
   退保金
   赔付支出净额
   提取保险责任准备金净额
   保单红利支出
   分保费用
   税金及附加           七、62                 3,318,838,177.83     1,968,013,144.28
   销售费用            七、63                   234,079,316.40       188,142,529.94
   管理费用            七、64                 1,617,349,026.38     1,562,254,125.03
   研发费用            七、65                 1,166,892,834.72       890,719,278.34
   财务费用            七、66                 9,371,372,984.05    11,131,343,530.28
   其中：利息费用                              9,508,718,717.67    11,327,295,992.21
       利息收入                               148,748,619.61       204,614,382.09
 加：其他收益            七、67                    19,576,677.60         6,617,497.40
   投资收益（损失以“－”号填列） 七、68                 4,958,543,639.59     5,257,616,386.94
   其中：对联营企业和合营企业的
                                        4,616,346,514.82     4,806,161,995.16
投资收益
      以摊余成本计量的金融资
                            84 / 259
               中国长江电力股份有限公司2025 年年度报告


产终止确认收益
     汇兑收益（损失以“－”号填列）
     净敞口套期收益（损失以“-”号
填列）
     公允价值变动收益（损失以“－”
                     七、70           1,677,224,276.91      211,841,059.71
号填列）
     信用减值损失（损失以“-”号填
                     七、71             -26,354,836.16      -32,451,428.30
列）
     资产减值损失（损失以“-”号填
                     七、72          -1,504,725,889.21      -14,329,997.43
列）
     资产处置收益（损失以“－”号
                     七、73                -456,669.39       -6,982,274.21
填列）
三、营业利润（亏损以“－”号填列）                  42,599,375,047.39   39,645,363,016.09
 加：营业外收入             七、74              32,401,808.12        5,151,455.36
 减：营业外支出             七、75             891,936,697.59      788,136,771.81
四、利润总额（亏损总额以“－”号填
                                   41,739,840,157.92   38,862,377,699.64
列）
 减：所得税费用             七、76           6,790,569,270.37    5,932,178,304.45
五、净利润（净亏损以“－”号填列）                  34,949,270,887.55   32,930,199,395.19
（一）按经营持续性分类
   1.持续经营净利润（净亏损以
                                   34,949,270,887.55   32,930,199,395.19
“－”号填列）
   2.终止经营净利润（净亏损以
“－”号填列）
（二）按所有权归属分类
   1.归属于母公司股东的净利润（净
                                   34,502,809,176.39   32,496,172,808.65
亏损以“-”号填列）
   2.少数股东损益（净亏损以“-”号
                                     446,461,711.16       434,026,586.54
填列）
六、其他综合收益的税后净额                        141,142,363.96     1,417,651,184.86
 （一）归属母公司所有者的其他综合
                                     201,228,918.14     1,293,957,172.12
收益的税后净额
   1．不能重分类进损益的其他综合收
                                     404,255,714.75       877,617,002.57
益
 （1）重新计量设定受益计划变动额
 （2）权益法下不能转损益的其他综合
                                     -53,510,446.19       -63,661,420.60
收益
 （3）其他权益工具投资公允价值变动                   457,766,160.94       941,278,423.17
 （4）企业自身信用风险公允价值变动
   2．将重分类进损益的其他综合收益                 -203,026,796.61       416,340,169.55
 （1）权益法下可转损益的其他综合收
                                    -118,611,191.74       154,245,107.53
益
 （2）其他债权投资公允价值变动
 （3）金融资产重分类计入其他综合收
益的金额
 （4）其他债权投资信用减值准备
 （5）现金流量套期储备                                               15,129,922.82
 （6）外币财务报表折算差额                       -84,415,604.87       246,965,139.20
 （7）其他

                        85 / 259
                  中国长江电力股份有限公司2025 年年度报告


 （二）归属于少数股东的其他综合收
                           -60,086,554.18     123,694,012.74
益的税后净额
七、综合收益总额                35,090,413,251.51  34,347,850,580.05
 （一）归属于母公司所有者的综合收
                        34,704,038,094.53  33,790,129,980.77
益总额
 （二）归属于少数股东的综合收益总
                           386,375,156.98     557,720,599.28
额
八、每股收益：
 （一）基本每股收益(元/股)                    1.4101             1.3281
 （二）稀释每股收益(元/股)                    1.4101             1.3281
本期发生同一控制下企业合并的，被合并方在合并前实现的净利润为：0 元, 上期被合并方实现
的净利润为： 0 元。
公司负责人：刘伟平    主管会计工作负责人：张传红             会计机构负责人：张娜

                         母公司利润表
                        2025 年 1—12 月
编制单位：中国长江电力股份有限公司
                                                    单位：元 币种：人民币
          项目                附注            2025 年度           2024 年度
一、营业收入                     十九、4       25,218,458,489.78 21,912,231,845.74
 减：营业成本                    十九、4        7,278,969,505.58  7,920,446,244.15
   税金及附加                               1,003,172,583.13    418,328,538.62
   销售费用                                   26,619,656.59     34,191,203.09
   管理费用                                  799,113,902.46    731,959,200.93
   研发费用                                  708,081,324.73    507,506,424.78
   财务费用                                4,182,503,104.52  5,002,090,311.06
   其中：利息费用                             4,200,398,465.16  5,033,038,757.97
       利息收入                               29,255,423.08     44,117,343.28
 加：其他收益                                    9,842,813.22      4,642,769.37
   投资收益（损失以“－”号填列） 十九、5               23,581,039,978.97 24,286,200,809.09
   其中：对联营企业和合营企业的
                                      3,713,129,812.57     3,885,431,691.40
投资收益
      以摊余成本计量的金融资
产终止确认收益
   净敞口套期收益（损失以“-”号
填列）
   公允价值变动收益（损失以“－”
                                      1,533,447,476.29        25,802,517.16
号填列）
   信用减值损失（损失以“-”号填
                                          -1,500,765.93       -1,394,908.94
列）
   资产减值损失（损失以“-”号填
                                      -1,061,826,088.31       -4,115,993.22
列）
   资产处置收益（损失以“－”号
                                          -2,107,849.19       -5,639,545.48
填列）
二、营业利润（亏损以“－”号填列）                     35,278,893,977.82   31,603,205,571.09
 加：营业外收入                                     197,272.34          304,862.05
 减：营业外支出                                 283,244,573.02      183,904,873.41
三、利润总额（亏损总额以“－”号填列）                   34,995,846,677.14   31,419,605,559.73
  减：所得税费用                              3,099,953,023.34    2,280,590,429.64
                           86 / 259
                  中国长江电力股份有限公司2025 年年度报告


四、净利润（净亏损以“－”号填列）         31,895,893,653.80 29,139,015,130.09
  （一）持续经营净利润（净亏损以
                          31,895,893,653.80 29,139,015,130.09
“－”号填列）
  （二）终止经营净利润（净亏损以“－”
号填列）
五、其他综合收益的税后净额                321,760,144.67    912,666,780.20
 （一）不能重分类进损益的其他综合
                             419,508,504.06    806,190,576.23
收益
   1.重新计量设定受益计划变动额
   2.权益法下不能转损益的其他综合
                             -40,543,527.88    -63,426,106.83
收益
   3.其他权益工具投资公允价值变动          460,052,031.94    869,616,683.06
   4.企业自身信用风险公允价值变动
 （二）将重分类进损益的其他综合收
                             -97,748,359.39    106,476,203.97
益
   1.权益法下可转损益的其他综合收
                             -97,748,359.39    106,476,203.97
益
   2.其他债权投资公允价值变动
   3.金融资产重分类计入其他综合收
益的金额
   4.其他债权投资信用减值准备
   5.现金流量套期储备
   6.外币财务报表折算差额
   7.其他
六、综合收益总额                  32,217,653,798.47 30,051,681,910.29
七、每股收益：
   （一）基本每股收益(元/股)
   （二）稀释每股收益(元/股)
公司负责人：刘伟平     主管会计工作负责人：张传红           会计机构负责人：张娜




                         合并现金流量表
                         2025 年 1—12 月
编制单位：中国长江电力股份有限公司
                                                       单位：元     币种：人民币
        项目                 附注             2025年度               2024年度
一、经营活动产生的现金流量：
 销售商品、提供劳务收到的现金                        100,209,596,636.52   94,910,070,204.68
 客户存款和同业存放款项净增加额
 向中央银行借款净增加额
 向其他金融机构拆入资金净增加额
 收到原保险合同保费取得的现金
 收到再保业务现金净额
 保户储金及投资款净增加额
 收取利息、手续费及佣金的现金
 拆入资金净增加额
 回购业务资金净增加额
 代理买卖证券收到的现金净额

                            87 / 259
             中国长江电力股份有限公司2025 年年度报告


 收到的税费返还                                  97,650.00         5,496,922.70
 收到其他与经营活动有关的现金    七、78              553,043,300.05       584,335,658.49
   经营活动现金流入小计                    100,762,737,586.57    95,499,902,785.87
 购买商品、接受劳务支付的现金                   14,327,553,334.02    13,309,731,883.77
 客户贷款及垫款净增加额
 存放中央银行和同业款项净增加额
 支付原保险合同赔付款项的现金
 拆出资金净增加额
 支付利息、手续费及佣金的现金
 支付保单红利的现金
 支付给职工及为职工支付的现金                   3,988,336,983.09      3,561,463,812.22
 支付的各项税费                         20,160,836,248.88     17,521,925,470.26
 支付其他与经营活动有关的现金    七、78           1,723,085,450.17      1,458,313,335.40
   经营活动现金流出小计                    40,199,812,016.16     35,851,434,501.65
    经营活动产生的现金流量净额                60,562,925,570.41     59,648,468,284.22
二、投资活动产生的现金流量：
 收回投资收到的现金                        4,633,371,682.43     51,304,202,111.84
 取得投资收益收到的现金                      2,634,610,585.96      2,548,040,281.44
 处置固定资产、无形资产和其他长期资
                                       4,832,440.19         9,541,006.99
产收回的现金净额
 处置子公司及其他营业单位收到的现
                                       2,593,470.00         6,980,137.96
金净额
 收到其他与投资活动有关的现金
   投资活动现金流入小计                     7,275,408,178.58     53,868,763,538.23
 购建固定资产、无形资产和其他长期资
                                 18,488,466,859.29     14,634,075,051.41
产支付的现金
 投资支付的现金                          5,380,473,039.67     49,103,517,036.48
 质押贷款净增加额
 取得子公司及其他营业单位支付的现
                                  1,621,226,977.84     1,101,820,343.21
金净额
 支付其他与投资活动有关的现金
   投资活动现金流出小计                     25,490,166,876.80    64,839,412,431.10
    投资活动产生的现金流量净额                -18,214,758,698.22   -10,970,648,892.87
三、筹资活动产生的现金流量：
 吸收投资收到的现金                          178,000,000.00        181,560,000.00
 其中：子公司吸收少数股东投资收到的
                                    178,000,000.00        181,560,000.00
现金
 取得借款收到的现金                       158,562,144,700.10   129,082,714,492.21
 收到其他与筹资活动有关的现金    七、78            2,855,640,000.00     1,493,940,000.00
   筹资活动现金流入小计                    161,595,784,700.10   130,758,214,492.21
 偿还债务支付的现金                       168,073,820,413.41   144,184,148,332.02
 分配股利、利润或偿付利息支付的现金                34,191,120,693.30    31,633,479,332.54
 其中：子公司支付给少数股东的股利、
                                    649,469,714.09        125,455,490.82
利润
 支付其他与筹资活动有关的现金    七、78            3,675,245,525.01     4,979,188,189.66
   筹资活动现金流出小计                    205,940,186,631.72   180,796,815,854.22
    筹资活动产生的现金流量净额                -44,344,401,931.62   -50,038,601,362.01
四、汇率变动对现金及现金等价物的影响                     5,552,475.84        17,079,752.54
五、现金及现金等价物净增加额                    -1,990,682,583.59    -1,343,702,218.12
                      88 / 259
                 中国长江电力股份有限公司2025 年年度报告


 加：期初现金及现金等价物余额          6,525,546,969.61 7,869,249,187.73
六、期末现金及现金等价物余额           4,534,864,386.02 6,525,546,969.61
公司负责人：刘伟平    主管会计工作负责人：张传红            会计机构负责人：张娜


                       母公司现金流量表
                       2025 年 1—12 月
编制单位：中国长江电力股份有限公司
                                                      单位：元      币种：人民币
        项目               附注               2025年度               2024年度
一、经营活动产生的现金流量：
 销售商品、提供劳务收到的现金                        28,231,407,407.73   24,784,271,765.02
 收到的税费返还
 收到其他与经营活动有关的现金                           180,522,353.18      161,770,602.69
   经营活动现金流入小计                          28,411,929,760.91   24,946,042,367.71
 购买商品、接受劳务支付的现金                         2,441,323,657.69    2,620,922,600.48
 支付给职工及为职工支付的现金                         1,527,900,435.72    1,373,540,271.92
 支付的各项税费                                7,097,927,180.20    5,205,198,076.88
 支付其他与经营活动有关的现金                         1,099,723,539.26      792,480,816.74
   经营活动现金流出小计                          12,166,874,812.87    9,992,141,766.02
 经营活动产生的现金流量净额                         16,245,054,948.04   14,953,900,601.69
二、投资活动产生的现金流量：
 收回投资收到的现金                              3,562,439,568.55   50,156,091,275.51
 取得投资收益收到的现金                           15,971,302,007.70   18,247,137,002.44
 处置固定资产、无形资产和其他长
                                           3,306,912.00            10,884.59
期资产收回的现金净额
 处置子公司及其他营业单位收到的
现金净额
 收到其他与投资活动有关的现金
   投资活动现金流入小计                          19,537,048,488.25   68,403,239,162.54
 购建固定资产、无形资产和其他长
                                       5,045,985,994.90     2,931,180,848.19
期资产支付的现金
 投资支付的现金                               5,051,071,896.28    48,900,277,765.52
 取得子公司及其他营业单位支付的
现金净额
 支付其他与投资活动有关的现金
   投资活动现金流出小计                          10,097,057,891.18   51,831,458,613.71
    投资活动产生的现金流量净额                       9,439,990,597.07   16,571,780,548.83
三、筹资活动产生的现金流量：
 吸收投资收到的现金
 取得借款收到的现金                             96,586,000,000.00   89,309,253,424.66
 收到其他与筹资活动有关的现金
   筹资活动现金流入小计                          96,586,000,000.00   89,309,253,424.66
 偿还债务支付的现金                             96,502,800,000.00   94,937,400,000.00
 分配股利、利润或偿付利息支付的
                                       27,230,793,705.42   25,206,227,496.67
现金
 支付其他与筹资活动有关的现金                           121,759,990.86       103,272,625.76
   筹资活动现金流出小计                         123,855,353,696.28   120,246,900,122.43
    筹资活动产生的现金流量净额                     -27,269,353,696.28   -30,937,646,697.77
                           89 / 259
                  中国长江电力股份有限公司2025 年年度报告


四、汇率变动对现金及现金等价物的
                                -5,501.66          -7,511.75
影响
五、现金及现金等价物净增加额          -1,584,313,652.83     588,026,941.00
 加：期初现金及现金等价物余额          2,417,867,174.39   1,829,840,233.39
六、期末现金及现金等价物余额             833,553,521.56   2,417,867,174.39
公司负责人：刘伟平     主管会计工作负责人：张传红              会计机构负责人：张娜




                           90 / 259
                                                                         中国长江电力股份有限公司2025 年年度报告


                                                                                        合并股东权益变动表
                                                                                         2025 年 1—12 月
        编制单位：中国长江电力股份有限公司
                                                                                                                                                                        单位：元            币种：人民币
                                                                                                                         2025 年度

                                                                               归属于母公司股东权益


   项目                           其他权益工具
                                                                减：                                                                                                                 少数股东权益              股东权益合计
                                优   永                                                                                          一般风                        其
                 股本                           资本公积              库存   其他综合收益               专项储备                盈余公积                     未分配利润                       小计
                                        其                                                                                      险准备                        他
                                先   续                           股
                                        他
                                股   债

一、上年年末余额    24,468,217,716.00               63,778,181,344.83        3,240,228,916.50     82,402,978.14    24,968,300,565.59         93,811,579,374.91        210,348,910,895.97   11,735,182,817.79   222,084,093,713.76

加：会计政策变更
   前期差错更正
   同一控制下企
业合并
   其他
二、本年期初余额    24,468,217,716.00               63,778,181,344.83        3,240,228,916.50     82,402,978.14    24,968,300,565.59         93,811,579,374.91        210,348,910,895.97   11,735,182,817.79   222,084,093,713.76
三、本期增减变动金
额（减少以“－”号                                    -229,398,109.82          201,228,918.14      -8,952,918.75                              11,026,221,854.38        10,989,099,743.95      287,467,859.94    11,276,567,603.89
填列）
（一）综合收益总额                                                             201,228,918.14                                                 34,502,809,176.39        34,704,038,094.53      386,375,156.98    35,090,413,251.51
（二）股东投入和减
                                              -63,361,185.11                                                                                                     -63,361,185.11      183,763,836.81       120,402,651.70
少资本
1．所有者投入的普
                                                                                                                                                                                      58,850,000.00        58,850,000.00
通股
2．其他权益工具持
有者投入资本
3．股份支付计入股
东权益的金额
4．其他                                          -63,361,185.11                                                                                                      -63,361,185.11      124,913,836.81        61,552,651.70
（三）利润分配                                      -124,913,836.81                                                                         -23,376,258,574.46       -23,501,172,411.27     -283,706,992.94   -23,784,879,404.21
1．提取盈余公积
2．提取一般风险准
备
3．对股东的分配                                                                                                                             -23,073,529,306.19       -23,073,529,306.19     -278,879,714.78   -23,352,409,020.97
4．其他                                         -124,913,836.81                                                                            -302,729,268.27          -427,643,105.08       -4,827,278.16      -432,470,383.24
（四）所有者权益内
部结转



                                                                                                91 / 259
                                                                             中国长江电力股份有限公司2025 年年度报告

1．资本公积转增股
本
2．盈余公积转增资
本（或股本）
3．盈余公积弥补亏
损
4．设定受益计划变
动额结转留存收益
5．其他综合收益结
转留存收益
6．其他
（五）专项储备                                                                                       -8,952,918.75                                                            -8,952,918.75           30,502.07          -8,922,416.68
1．本期提取                                                                                       317,680,669.94                                                           317,680,669.94        3,111,757.27         320,792,427.21
2．本期使用                                                                                      -326,633,588.69                                                          -326,633,588.69       -3,081,255.20        -329,714,843.89
（六）其他                                              -41,123,087.90                                                                           -100,328,747.55          -141,451,835.45        1,005,357.02        -140,446,478.43
四、本期期末余额     24,468,217,716.00                  63,548,783,235.01        3,441,457,834.64    73,450,059.39     24,968,300,565.59         104,837,801,229.29       221,338,010,639.92   12,022,650,677.73     233,360,661,317.65




                                                                                                                              2024 年度

                                                                                     归属于母公司股东权益

     项目
                                    其他权益工具                          减：                                                                                                                  少数股东权益              股东权益合计
                                                                                                                                   一般风                        其
                      股本            优   永          资本公积             库存   其他综合收益               专项储备                盈余公积                     未分配利润                       小计
                                            其                                                                                      险准备                        他
                                    先   续
                                            他                       股
                                    股   债
 一、上年年末余额       24,468,217,716.00               63,608,165,604.91        2,002,638,310.52     1,138,609.33     24,968,300,565.59         86,404,877,655.08        201,453,338,461.43   11,087,267,355.07   212,540,605,816.50
 加：会计政策变更
    前期差错更正
    同一控制下企
                                                    51,510,000.00                                                                                                     51,510,000.00       41,990,000.00        93,500,000.00
 业合并
    其他
 二、本年期初余额       24,468,217,716.00               63,659,675,604.91        2,002,638,310.52     1,138,609.33     24,968,300,565.59         86,404,877,655.08        201,504,848,461.43   11,129,257,355.07   212,634,105,816.50
 三、本期增减变动金
 额（减少以“－”号                                         118,505,739.92        1,237,590,605.98    81,264,368.81                                7,406,701,719.83         8,844,062,434.54      605,925,462.72     9,449,987,897.26
 填列）
 （一）综合收益总额                                                               1,293,957,172.12                                                32,496,172,808.65        33,790,129,980.77      557,720,599.28     34,347,850,580.05
 （二）股东投入和减
                                                  -108,477,283.71                                                                                                   -108,477,283.71      172,737,283.71        64,260,000.00
 少资本
 1．所有者投入的普
                                                                                                                                                                                         172,570,000.00       172,570,000.00
 通股
 2．其他权益工具持
 有者投入资本
 3．股份支付计入股
 东权益的金额



                                                                                                    92 / 259
                                                                                中国长江电力股份有限公司2025 年年度报告

4．其他                                                 -108,477,283.71                                                                                                                    -108,477,283.71          167,283.71       -108,310,000.00
（三）利润分配                                                                                                                                             -25,202,264,247.48               -25,202,264,247.48     -126,307,625.20    -25,328,571,872.68
1．提取盈余公积
2．提取一般风险准
备
3．对股东的分配                                                                                                                                            -25,202,264,247.48               -25,202,264,247.48     -126,307,625.20    -25,328,571,872.68
4．其他
（四）股东权益内部
                                                                             -56,366,566.14                                                                56,366,566.14
结转
1．资本公积转增股
本
2．盈余公积转增资
本或（股本）
3．盈余公积弥补亏
损
4．设定受益计划变
动额结转留存收益
5．其他综合收益结
                                                                             -56,366,566.14                                                                56,366,566.14
转留存收益
6．其他
（五）专项储备                                                                                            81,264,368.81                                                                          81,264,368.81          821,718.60         82,086,087.41
1．本期提取                                                                                            301,489,639.56                                                                         301,489,639.56        1,665,074.29        303,154,713.85
2．本期使用                                                                                           -220,225,270.75                                                                        -220,225,270.75         -843,355.69       -221,068,626.44
（六）其他                                                  226,983,023.63                                                                                    56,426,592.52                   283,409,616.15          953,486.33        284,363,102.48
四、本期期末余额    24,468,217,716.00                       63,778,181,344.83       3,240,228,916.50       82,402,978.14      24,968,300,565.59              93,811,579,374.91               210,348,910,895.97   11,735,182,817.79    222,084,093,713.76
    公司负责人：刘伟平                                                                       主管会计工作负责人：张传红                                                                                              会计机构负责人：张娜


                                                                                           母公司股东权益变动表
                                                                                            2025 年 1—12 月
    编制单位：中国长江电力股份有限公司
                                                                                                                                                                                               单位：元             币种：人民币
                                                                                                                           2025 年度
                                                        其他权益工具
       项目                                                                                         减：库
                                    股本                                         资本公积                            其他综合收益                     专项储备                    盈余公积                      未分配利润                   股东权益合计
                                                    优先        永续        其                         存股
                                                     股         债        他
  一、上年年末余额                      24,468,217,716.00                            74,174,169,744.67                     2,705,969,949.45        26,135,681.57         22,934,762,401.97          44,288,234,747.06        168,597,490,240.72
  加：会计政策变更
    前期差错更正
    其他
  二、本年期初余额                      24,468,217,716.00                            74,174,169,744.67                     2,705,969,949.45        26,135,681.57         22,934,762,401.97          44,288,234,747.06        168,597,490,240.72
  三、本期增减变动金额（减少                                                                -369,639,045.28                       321,760,144.67       -26,135,681.57                                     8,822,364,347.61          8,748,349,765.43




                                                                                                         93 / 259
                                                       中国长江电力股份有限公司2025 年年度报告

以“－”号填列）
（一）综合收益总额                                                                        321,760,144.67                                          31,895,893,653.80   32,217,653,798.47
（二）股东投入和减少资本                                          -292,430,303.34                                                                                          -292,430,303.34
1．股东投入的普通股
2．其他权益工具持有者投入资
本
3．股份支付计入所有者权益的
金额
4．其他                                                  -292,430,303.34                                                                                           -292,430,303.34
（三）利润分配                                                                                                                                 -23,073,529,306.19   -23,073,529,306.19
1．提取盈余公积
2．对股东的分配                                                                                                                                -23,073,529,306.19   -23,073,529,306.19
3．其他
（四）股东权益内部结转
1．资本公积转增股本
2．盈余公积转增资本或（股本）
3．盈余公积弥补亏损
4．设定受益计划变动额结转留
存收益
5．其他综合收益结转留存收益
6．其他
（五）专项储备                                                                                            -26,135,681.57                                                -26,135,681.57
1．本期提取                                                                                              98,002,558.50                                                 98,002,558.50
2．本期使用                                                                                            -124,138,240.07                                               -124,138,240.07
（六）其他                                                  -77,208,741.94                                                                                            -77,208,741.94
四、本期期末余额          24,468,217,716.00                 73,804,530,699.39          3,027,730,094.12                     22,934,762,401.97    53,110,599,094.67   177,345,840,006.15




                                                                                       2024 年度
                                       其他权益工具
      项目                                                                减：库
                      股本                             资本公积                      其他综合收益             专项储备               盈余公积                未分配利润               股东权益合计
                                      优先   永续   其                       存股
                                       股    债   他
一、上年年末余额          24,468,217,716.00                 73,924,633,386.92          1,987,270,125.59                     22,934,762,401.97    40,157,516,908.11   163,472,400,538.59
加：会计政策变更
   前期差错更正
   其他
二、本年期初余额          24,468,217,716.00                 73,924,633,386.92          1,987,270,125.59                     22,934,762,401.97    40,157,516,908.11   163,472,400,538.59
三、本期增减变动金额（减少
                                                      249,536,357.75             718,699,823.86    26,135,681.57                          4,130,717,838.95     5,125,089,702.13
以“－”号填列）
（一）综合收益总额                                                                        912,666,780.20                                          29,139,015,130.09    30,051,681,910.29
（二）股东投入和减少资本
1．股东投入的普通股
2．其他权益工具持有者投入
资本



                                                                          94 / 259
                                       中国长江电力股份有限公司2025 年年度报告

3．股份支付计入所有者权益
的金额
4．其他
（三）利润分配                                                                                                              -25,202,264,247.48   -25,202,264,247.48
1．提取盈余公积
2．对股东的分配                                                                                                             -25,202,264,247.48   -25,202,264,247.48
3．其他
（四）股东权益内部结转                                                   -193,966,956.34                                           193,966,956.34
1．资本公积转增股本
2．盈余公积转增资本（或股
本）
3．盈余公积弥补亏损
4．设定受益计划变动额结转
留存收益
5．其他综合收益结转留存收
                                                              -193,966,956.34                                           193,966,956.34
益
6．其他
（五）专项储备                                                                          26,135,681.57                                                 26,135,681.57
1．本期提取                                                                           95,413,644.37                                                 95,413,644.37
2．本期使用                                                                          -69,277,962.80                                                -69,277,962.80
（六）其他                                  249,536,357.75                                                                                         249,536,357.75
四、本期期末余额        24,468,217,716.00   74,174,169,744.67        2,705,969,949.45    26,135,681.57   22,934,762,401.97    44,288,234,747.06   168,597,490,240.72
  公司负责人：刘伟平                                    主管会计工作负责人：张传红                                                           会计机构负责人：张娜




                                                        95 / 259
